0 565 666 499 0 564 0 0 0 679 480 582 876 498 943 238 394 30 0 536 682 0 133 0 605 0 0 667 1 697 0 0 0 564 731 685 0 0 0 0 0 0 604 647 534 736 0 513 0 0 772 0 0 0 0 0 0 0 0 875 0 623 416 619 711 589 238 234 0 500 314 0 645 0 485 0 0 0 0 0 417 0 0 170 0 0 0 245 370 883 699 0 0 544 0 577 156 0 0 622 248 0 881 564 713 0 0 746 0 916 0 346 798 754 0 0 0 633 552 0 1 222 743 836 640 0 0 0 540 0 416 303 0 378 353 477 428 789 569 0 0 517 424 0 0 597 0 0 712 123 626 165 595 739 902 0 0 639 211 615 0 0 0 0 634 582 326 0 0 722 765 0 557 0 706 0 0 495 0 845 186 0 0 0 0 401 670 840 178 133 0 0 331 718 0 0 540 0 0 0 0 567 0 613 0 0 504 0 293
565 0 559 1 0 0 0 0 886 505 313 368 387 326 492 652 0 0 0 475 412 449 484 790 1 799 377 235 634 0 522 281 936 0 229 289 373 801 0 892 793 275 405 194 214 202 313 320 788 0 240 790 0 470 854 0 0 730 0 370 271 233 179 367 176 418 717 395 606 0 470 0 397 420 0 0 417 1 260 138 0 0 213 705 782 0 0 0 261 386 510 840 1 449 928 358 0 1 326 442 0 318 410 0 0 800 0 442 0 735 309 653 336 392 879 0 424 0 0 811 594 756 0 333 1 834 800 0 0 0 337 414 862 815 0 249 349 282 402 0 0 379 244 308 0 0 887 777 192 0 414 700 383 209 430 456 412 442 629 382 0 838 902 860 0 0 767 795 0 209 0 284 0 796 691 0 756 279 269 403 612 788 789 792 0 347 431 884 417 634 260 0 274 184 791 0 521 873 813 477 0 388 864 183 754 0 0 0 377
666 559 0 556 0 271 127 277 651 1 314 222 457 830 0 522 0 606 644 168 197 0 578 0 0 519 470 750 727 0 0 389 716 251 0 805 232 515 1 519 0 468 0 0 735 0 437 0 0 0 548 0 0 136 580 542 0 587 629 489 353 0 574 222 569 175 861 510 1 0 0 0 197 342 366 0 0 608 463 0 0 588 384 725 881 0 0 0 469 474 1 0 590 174 0 233 600 607 317 147 820 273 0 176 420 419 748 217 626 290 430 412 403 0 0 717 213 448 483 0 731 0 0 477 516 600 515 0 0 0 0 0 581 0 678 374 326 480 195 0 619 240 0 0 201 199 900 0 508 745 176 0 0 540 436 135 244 148 0 0 637 917 460 536 0 0 950 554 649 0 742 0 795 0 0 534 700 335 490 379 0 533 809 0 0 0 170 0 0 764 0 653 523 0 0 554 154 543 0 1 503 0 0 709 596 653 0 0 0
499 1 556 0 375 316 461 0 0 509 0 364 444 308 544 591 219 0 0 0 425 385 419 840 151 0 317 0 568 0 455 0 0 0 285 321 360 851 510 0 848 332 402 234 209 0 367 306 840 337 0 843 0 478 907 0 0 0 0 0 245 254 1 371 242 412 654 0 30 0 418 0 0 0 227 355 472 0 204 0 178 956 0 0 0 0 0 410 0 0 517 0 0 433 0 354 576 1 0 441 0 0 464 0 290 836 0 0 0 0 256 600 386 422 836 376 443 203 0 0 0 690 358 0 0 0 849 851 445 0 298 359 914 759 798 0 313 341 0 837 0 0 203 0 409 388 0 0 253 576 0 634 0 273 485 458 0 443 0 384 0 903 932 907 0 500 0 849 0 269 335 0 270 846 685 123 821 0 0 0 551 0 0 842 0 306 0 884 351 0 306 150 210 0 0 0 0 0 0 470 1 0 909 212 813 0 0 0 0
0 0 0 375 0 1 1 1 0 164 172 1 350 653 0 545 287 554 769 177 1 466 0 595 0 593 376 565 689 0 568 248 0 0 304 620 1 0 190 636 622 316 1 0 551 392 299 651 0 0 385 0 751 134 659 0 0 608 786 372 197 180 407 38 392 0 0 0 0 152 348 0 1 263 0 1 354 422 320 0 294 688 205 718 845 677 1 0 327 364 0 800 404 0 825 1 0 0 0 1 816 1 336 1 0 0 562 163 748 425 307 0 274 0 0 605 0 0 298 0 0 0 0 0 332 0 591 591 164 688 231 342 0 0 0 211 217 330 1 638 748 131 537 0 149 59 906 596 334 706 0 715 0 0 0 0 159 0 775 40 767 896 604 632 1 0 0 615 0 489 566 0 611 593 349 0 0 0 0 286 749 597 796 0 0 245 1 0 510 717 0 466 0 422 592 674 0 0 599 140 326 1 624 0 626 762 0 0 603
564 0 271 316 1 0 0 126 782 225 1 1 0 592 413 519 223 0 834 193 162 414 461 655 386 654 0 0 0 0 516 0 0 51 291 0 1 653 230 701 680 314 1 0 494 0 0 0 0 0 371 665 0 199 0 766 0 659 0 387 132 0 0 1 365 127 770 0 0 0 0 0 129 303 136 1 382 374 0 305 0 751 0 676 874 742 51 363 0 384 236 845 353 165 0 1 562 366 189 155 772 0 0 0 0 595 513 222 813 0 246 456 0 0 0 0 0 230 245 0 623 711 592 356 294 0 652 0 0 753 177 295 725 908 733 146 168 0 0 0 814 1 473 342 0 1 0 655 313 0 131 673 1 351 382 174 211 159 717 0 0 928 670 696 138 224 854 0 0 456 535 141 554 654 401 304 746 0 286 319 691 656 833 646 0 193 0 598 450 665 534 415 320 393 652 0 0 0 0 0 264 1 688 473 678 826 0 0 0
0 0 127 461 1 0 0 184 0 0 231 0 396 737 0 0 349 574 709 137 1 495 0 560 523 555 413 654 705 0 593 0 0 157 0 709 147 552 1 579 593 386 0 614 0 0 360 0 0 0 462 574 695 0 0 625 0 0 711 424 266 268 485 125 477 0 840 456 174 0 353 0 1 290 277 140 392 511 0 450 364 639 289 719 865 0 155 420 390 412 0 0 0 122 800 138 0 511 0 51 817 177 0 0 332 474 0 163 0 356 0 432 0 212 0 0 148 352 0 0 700 740 716 0 420 632 0 0 129 631 274 365 623 0 0 285 257 399 1 617 0 162 617 402 142 1 908 566 417 0 0 717 1 0 0 0 180 0 808 1 0 911 534 0 1 1 930 0 672 575 651 269 0 0 260 446 0 246 413 322 782 0 804 0 0 284 1 0 552 737 659 556 0 0 556 616 159 0 558 1 409 1 573 612 0 0 0 0 667
0 0 277 0 1 126 184 0 696 0 208 131 279 620 0 0 304 599 766 254 1 0 554 572 380 0 413 506 734 0 609 271 762 0 0 0 0 573 262 0 594 239 144 467 0 320 222 615 576 158 310 0 744 0 0 722 0 567 804 0 0 124 393 1 323 166 0 455 321 218 408 729 1 0 0 143 0 0 334 0 0 675 191 772 780 0 123 459 340 292 217 750 356 0 789 129 658 0 1 171 868 1 0 0 0 531 508 152 0 0 335 540 0 129 0 621 129 204 258 893 715 0 563 270 271 0 0 0 240 0 272 0 644 0 822 0 0 253 0 603 749 195 514 261 0 136 0 0 262 750 139 0 131 0 287 0 0 162 803 1 767 833 619 621 0 0 944 589 768 0 0 228 567 0 408 360 0 194 364 223 779 573 737 565 0 288 0 590 537 758 507 418 0 352 0 673 294 0 0 212 304 158 617 0 0 751 0 0 603
0 886 651 0 0 782 0 696 0 641 864 0 530 0 0 0 0 0 191 783 653 0 0 0 878 163 0 0 0 0 0 936 1 776 0 892 793 167 716 200 0 643 726 882 0 726 0 0 0 796 683 0 0 641 1 324 945 187 317 547 0 755 0 0 753 738 0 0 625 827 0 0 690 530 877 771 502 878 0 0 0 122 850 0 360 0 0 0 0 530 622 212 892 0 150 760 0 942 651 704 0 733 511 761 0 271 921 0 179 0 0 0 593 598 0 0 0 776 865 0 0 0 0 584 798 1 0 168 780 0 923 0 0 0 0 886 908 634 0 0 205 814 0 608 800 735 0 157 724 0 704 0 0 0 490 677 600 0 0 720 0 358 298 0 696 735 0 138 0 0 780 892 0 162 0 0 0 859 0 532 0 0 280 172 688 0 660 0 0 0 835 921 0 759 0 188 0 154 163 712 936 764 176 914 162 141 0 948 0
679 505 1 509 164 225 0 0 641 0 0 0 0 787 370 557 402 618 657 174 0 542 0 514 563 0 464 691 0 0 639 0 0 0 405 0 0 0 0 527 548 0 0 0 685 500 0 0 523 215 483 528 643 1 572 573 0 557 658 426 319 306 537 168 506 139 0 0 0 221 395 645 139 282 328 0 386 552 437 500 417 589 338 0 0 572 205 464 443 411 50 757 536 167 755 188 0 557 252 1 0 0 0 153 0 422 691 154 637 303 411 454 338 214 0 708 148 389 431 0 0 772 0 412 456 586 0 504 170 579 0 413 0 0 0 337 309 414 0 0 0 0 668 413 0 154 0 521 0 0 124 753 161 477 376 0 0 1 855 0 0 881 480 534 1 137 0 538 694 605 678 322 744 509 0 0 667 0 0 317 829 518 773 499 0 336 1 409 603 780 692 0 500 535 510 0 182 0 509 0 459 172 522 652 0 658 0 0 0
480 313 314 0 172 1 231 208 864 0 0 143 0 550 495 449 0 420 0 199 0 330 377 737 383 0 237 0 557 0 0 0 931 0 342 571 1 734 259 775 763 374 178 477 465 0 0 551 743 0 0 747 891 0 801 825 0 743 0 0 0 201 291 0 394 175 687 279 360 1 240 885 206 385 1 126 459 371 183 0 0 829 135 595 947 818 127 283 189 0 299 927 345 178 0 0 0 345 0 211 690 0 0 168 0 670 503 304 887 557 0 403 365 0 0 463 278 260 240 0 0 632 598 423 0 805 0 0 189 828 0 215 806 0 668 1 0 389 0 776 886 1 423 406 0 165 0 0 353 573 198 0 160 391 461 0 295 221 0 176 904 0 0 0 206 246 0 756 607 474 553 0 526 0 434 250 0 1 212 399 0 739 912 0 0 1 239 0 368 581 0 0 0 0 734 813 242 0 0 227 230 0 765 0 762 0 949 0 0
582 368 222 364 1 1 0 131 0 0 143 0 378 640 404 515 260 521 0 157 0 0 480 626 0 624 0 566 657 0 0 0 0 1 0 621 1 622 184 662 653 337 0 526 542 405 0 639 0 1 401 637 778 155 689 720 0 640 806 399 172 187 0 1 402 1 0 388 270 120 316 0 0 294 180 0 384 420 294 0 271 716 192 686 0 705 58 373 300 392 190 832 400 128 857 40 0 415 0 1 0 1 366 1 272 557 0 195 0 447 277 440 300 209 0 0 169 270 292 0 0 716 634 371 336 695 0 621 144 715 0 309 693 930 0 190 185 351 0 670 774 1 0 0 123 54 938 627 347 674 0 683 0 385 382 127 191 1 0 0 0 928 626 660 1 180 877 646 0 497 0 178 603 623 353 350 735 151 324 0 718 628 828 0 0 0 125 0 479 685 577 462 0 0 623 0 0 671 629 0 0 57 652 520 658 790 0 0 578
876 387 457 444 350 0 396 279 530 0 0 378 0 648 141 860 512 0 656 492 0 730 776 434 392 446 636 0 0 0 827 491 585 381 0 492 420 448 476 549 436 143 381 431 535 244 0 636 432 406 202 0 626 0 497 0 0 0 747 1 437 284 0 0 0 404 0 673 0 467 0 589 336 146 0 392 1 388 531 474 489 551 381 0 0 562 371 698 536 46 0 524 0 466 0 0 0 446 0 393 0 316 1 433 0 474 479 0 636 465 552 787 1 0 0 0 0 280 368 646 0 0 463 0 0 476 446 449 480 0 0 629 505 0 0 432 505 136 412 423 0 444 599 1 469 0 0 420 0 0 367 0 0 224 1 380 247 377 0 356 665 587 586 508 360 0 0 438 0 342 385 454 0 0 0 0 0 422 557 1 0 432 0 439 0 526 339 0 736 0 424 438 580 285 436 0 0 522 460 0 0 404 516 454 400 0 0 0 734
498 326 830 308 653 592 737 620 0 787 550 640 648 0 759 683 447 505 0 0 702 479 480 0 0 0 474 245 529 845 480 483 0 610 505 235 0 0 779 0 0 544 679 252 0 0 588 0 0 609 477 0 0 0 0 0 945 948 0 0 0 527 289 649 410 686 0 457 0 633 0 0 682 709 494 629 679 299 0 318 417 0 479 0 837 0 0 553 411 641 0 0 302 0 0 0 620 267 622 0 623 604 0 686 533 0 207 738 0 0 0 0 0 688 0 325 0 458 391 771 482 0 292 591 0 0 0 0 708 0 537 538 0 0 0 487 555 0 665 0 0 0 0 569 0 664 939 0 0 0 692 0 657 454 696 735 708 720 0 0 0 875 0 0 698 766 548 0 0 347 343 512 1 0 954 331 919 526 396 685 444 0 891 0 0 0 718 0 0 505 0 0 371 393 0 0 756 0 0 743 358 653 0 225 0 0 756 0 236
943 492 0 544 0 413 0 0 0 370 495 404 141 759 0 884 0 886 549 0 0 794 0 328 0 338 0 561 0 0 895 554 493 416 0 598 449 0 0 0 335 249 0 540 0 0 0 746 0 441 312 329 0 342 393 580 0 286 636 172 0 356 620 0 0 415 0 739 437 494 0 0 348 141 489 0 0 497 0 569 0 444 0 0 0 453 0 745 612 0 353 0 504 474 508 0 0 552 260 393 0 0 0 444 285 364 589 256 528 369 618 0 189 225 0 0 275 0 462 0 0 0 0 198 403 377 338 0 0 0 0 678 400 0 0 498 551 245 429 329 543 473 705 0 485 396 564 316 0 0 375 0 395 335 1 373 246 375 0 0 557 0 477 399 368 474 0 0 0 451 488 0 681 334 501 603 363 0 0 0 0 326 454 331 0 576 337 584 814 0 531 0 662 396 329 470 517 413 0 424 532 0 406 0 0 516 0 0 0
238 652 522 591 545 519 0 0 0 557 449 515 860 683 884 0 422 210 0 420 600 247 0 0 711 0 0 812 262 749 238 426 0 0 757 844 471 0 0 941 0 0 520 780 0 801 0 697 0 484 824 0 0 577 0 861 789 0 917 875 468 620 523 552 0 0 380 0 0 0 238 0 566 777 486 0 0 0 423 0 460 0 536 236 0 0 519 214 420 873 577 0 0 440 0 514 120 639 677 522 328 574 850 469 720 870 0 659 0 742 0 149 780 692 669 0 638 0 608 0 289 0 0 840 700 0 0 0 0 0 389 278 0 505 251 0 390 808 0 0 0 447 583 825 430 519 0 0 758 278 538 0 521 794 866 0 0 0 0 540 0 0 0 0 546 0 466 0 188 830 894 450 727 0 524 499 0 478 414 801 378 0 0 0 0 0 578 635 317 303 856 0 414 800 0 0 406 0 0 494 0 491 0 751 0 0 0 911 480
394 0 0 219 287 223 349 304 0 402 0 260 512 447 0 422 0 342 0 300 0 0 294 846 0 846 0 461 472 0 346 0 0 0 0 508 232 845 369 892 868 0 295 0 0 409 434 451 850 0 0 855 0 0 912 0 0 0 0 0 120 259 190 0 390 293 592 191 474 221 0 0 320 476 0 244 532 0 1 0 1 944 161 0 0 934 0 238 0 520 417 0 0 286 0 251 431 0 354 329 612 268 0 283 0 787 435 0 0 0 1 415 434 403 0 0 389 279 0 0 446 569 547 476 0 911 844 845 0 0 120 0 916 725 0 1 138 432 270 0 0 219 317 454 260 0 0 844 0 0 315 520 277 0 537 0 400 339 529 291 0 0 853 889 323 354 671 863 573 447 519 1 437 845 540 148 0 143 1 482 505 847 0 838 0 122 355 0 0 0 0 339 0 409 843 0 339 899 0 342 166 0 881 400 0 0 868 0 0
30 0 606 0 554 0 574 599 0 618 420 521 0 505 886 210 342 0 0 475 621 123 1 0 0 0 0 0 0 755 59 364 0 0 684 678 0 0 540 0 0 728 0 630 524 0 746 0 0 480 0 0 0 0 0 0 827 0 0 825 420 0 385 558 674 0 0 180 633 0 253 0 0 776 430 0 0 570 325 422 368 0 472 213 0 0 514 184 321 831 638 0 543 0 0 0 0 0 657 560 302 559 827 503 663 0 0 685 0 0 302 305 745 695 593 215 0 586 508 0 157 0 735 787 599 0 0 0 479 0 357 242 0 439 369 0 368 742 508 0 0 0 0 765 462 0 0 0 0 182 0 0 534 699 847 586 682 0 0 0 0 0 0 0 573 522 387 0 0 696 0 0 555 0 652 0 0 438 0 788 244 0 0 0 0 0 0 0 150 194 0 553 288 684 0 0 480 0 0 548 439 506 0 597 0 0 560 884 300
0 0 644 0 769 834 709 766 191 657 0 0 656 0 549 0 0 0 0 0 0 0 0 252 0 240 0 0 0 0 0 0 191 823 812 0 0 239 710 163 256 0 760 0 0 865 727 0 255 0 0 254 0 670 192 187 835 335 158 679 935 844 0 769 0 0 0 0 0 847 0 1 0 0 939 811 626 0 0 0 0 136 0 0 0 0 0 0 0 660 640 351 0 786 253 0 0 0 737 0 0 797 0 0 0 269 0 647 0 385 0 908 705 675 0 0 672 886 0 613 0 0 0 0 922 223 240 238 784 1 0 0 184 0 0 949 0 762 788 285 58 842 0 0 812 772 0 267 852 0 740 0 0 0 611 703 0 0 0 0 47 478 218 0 732 0 0 251 0 0 940 943 0 0 568 0 0 0 0 638 0 0 424 248 589 0 700 414 0 0 0 0 0 902 0 125 760 168 227 0 0 0 180 0 311 1 0 0 0
536 475 168 0 177 193 137 254 783 174 199 157 492 0 0 420 300 475 0 0 213 403 0 657 543 0 332 0 603 0 497 264 849 0 447 0 134 646 1 0 691 462 142 0 634 531 445 719 666 159 529 671 0 187 0 674 0 700 760 516 242 0 457 185 527 0 739 372 207 1 0 780 185 0 259 153 492 531 335 433 0 724 292 613 0 705 179 322 341 0 194 899 0 59 898 164 0 512 0 132 0 0 0 0 0 555 667 269 764 428 297 328 419 310 0 580 250 393 399 0 602 633 753 492 457 729 646 645 0 0 213 0 714 877 0 0 194 477 0 0 756 127 587 484 1 148 0 665 473 621 0 611 153 512 0 153 281 150 714 0 775 0 597 672 161 0 829 0 566 619 698 236 0 0 269 415 808 0 0 422 0 660 911 0 0 217 0 470 0 637 0 567 392 556 652 0 1 679 650 0 399 130 657 0 713 790 950 0 0
682 412 197 425 1 162 1 1 653 0 0 0 0 702 0 600 0 621 0 213 0 535 581 0 466 0 0 590 756 0 0 0 720 154 0 0 172 522 0 570 553 0 1 552 595 397 275 698 532 0 0 537 683 1 590 0 0 540 727 338 264 209 466 1 403 130 0 488 238 214 0 675 1 209 267 148 309 455 388 424 0 0 261 780 791 610 145 471 394 327 0 0 441 191 757 137 659 0 0 0 0 129 290 160 254 464 593 1 682 366 376 0 244 0 0 673 1 0 342 922 744 808 645 319 356 595 522 522 0 621 0 0 594 0 0 277 286 315 0 0 683 196 0 316 200 0 0 527 341 773 1 778 1 374 303 1 1 0 0 1 0 840 0 564 1 205 0 0 749 0 576 273 652 524 326 431 639 242 418 239 818 528 0 515 0 313 59 505 579 785 0 504 452 0 523 608 243 0 530 151 380 145 556 555 558 694 0 0 0
0 449 0 385 466 414 495 0 0 542 330 0 730 479 794 247 0 123 0 403 535 0 1 0 502 0 125 595 257 847 132 271 0 415 0 0 0 0 473 0 0 636 459 0 473 613 653 491 0 0 644 0 0 542 0 0 920 0 0 0 327 0 0 0 590 446 387 1 572 356 190 0 497 0 337 416 749 0 234 0 276 0 379 0 0 0 424 120 230 738 561 0 466 406 0 429 222 0 0 479 395 0 0 422 570 0 558 599 0 0 0 0 651 604 673 224 0 495 0 0 240 0 680 0 513 0 0 0 404 0 267 159 0 0 443 329 279 650 424 0 0 0 369 673 383 450 0 0 581 0 0 0 448 611 753 0 0 495 343 0 0 0 0 0 0 0 473 0 0 0 681 0 514 0 605 292 0 345 215 695 0 0 0 0 0 252 524 774 1 281 640 485 205 603 0 0 417 0 0 472 353 0 0 0 0 0 653 0 0
133 484 578 419 0 461 0 554 0 0 377 480 776 480 0 0 294 1 0 0 581 1 0 0 533 0 0 617 210 0 1 318 0 461 636 0 439 0 512 0 0 680 504 590 0 0 698 0 0 439 0 0 0 586 0 0 0 0 0 777 374 522 0 517 0 490 340 133 608 401 225 0 543 0 0 463 0 0 277 376 0 0 425 261 0 0 471 154 0 784 604 0 0 0 0 0 189 458 611 0 0 515 780 466 615 0 578 645 0 835 255 310 0 652 0 0 620 0 0 0 193 0 0 739 0 0 0 0 446 0 314 203 0 479 411 375 326 694 469 0 0 0 382 717 0 496 0 0 0 226 526 257 494 651 800 550 640 0 300 513 0 0 0 0 0 493 426 0 0 653 0 358 525 0 0 0 0 0 256 742 274 0 0 0 0 299 570 0 1 234 663 512 242 0 0 0 0 0 0 0 0 467 0 558 0 0 606 924 0
0 790 0 840 595 655 560 572 0 514 737 626 434 0 328 0 846 0 252 657 0 0 0 0 795 49 939 830 0 0 0 0 0 649 591 853 0 0 0 166 1 546 0 820 935 644 506 0 0 669 600 48 221 513 0 322 0 146 354 458 0 638 914 593 670 0 0 0 507 699 0 0 0 0 0 644 0 0 876 864 840 146 729 0 432 161 640 0 883 0 0 299 801 650 272 632 0 849 532 0 0 608 0 0 581 0 865 0 0 293 871 886 486 0 0 0 489 0 0 585 0 0 805 491 701 0 54 58 0 185 0 896 1 0 0 762 0 540 632 0 249 686 0 515 672 607 413 54 0 0 576 0 610 627 390 0 475 0 0 592 261 447 0 0 0 0 0 57 0 725 0 0 0 43 510 892 0 733 907 420 0 37 348 0 0 0 532 0 0 0 789 840 938 682 37 185 0 123 0 585 0 0 127 848 0 219 0 0 0
605 1 0 151 0 386 523 380 878 563 383 0 392 0 0 711 0 0 0 543 466 502 533 795 0 807 438 166 668 0 565 351 921 0 0 0 441 810 586 910 0 0 0 125 176 183 0 283 792 416 0 0 0 526 855 0 0 720 0 0 341 287 223 0 0 482 735 451 666 464 537 945 455 0 321 428 0 42 324 194 294 0 282 743 733 924 405 0 324 387 567 808 1 517 902 423 692 0 368 504 800 0 420 494 272 825 158 488 0 776 375 720 0 0 859 461 473 0 174 748 0 796 246 0 0 830 0 811 531 0 407 479 864 818 914 319 419 287 0 771 0 0 243 311 497 454 840 780 0 0 0 738 446 199 0 0 0 502 0 443 0 787 0 870 477 0 775 0 844 150 0 354 0 0 753 243 731 349 328 423 0 792 750 801 0 417 488 0 459 663 190 1 328 150 798 0 0 884 822 540 200 454 0 1 0 0 0 0 388
0 799 519 0 593 654 555 0 163 0 0 624 446 0 338 0 846 0 240 0 0 0 0 49 807 0 936 846 0 0 0 810 0 648 600 870 662 36 583 148 0 557 594 0 948 0 516 0 0 0 613 0 212 508 1 0 0 166 339 470 755 0 920 592 0 605 0 0 496 695 871 185 0 418 754 641 0 0 877 0 843 137 732 0 449 147 639 941 0 0 0 0 812 0 280 631 0 860 0 571 0 609 420 0 589 0 880 462 220 0 870 872 0 477 0 0 0 677 764 600 0 0 0 0 0 0 35 38 647 171 792 0 1 0 0 764 777 0 0 0 236 682 0 0 667 0 426 1 0 0 573 0 608 639 400 545 476 555 0 591 0 462 230 1 564 0 0 0 0 740 754 0 0 36 496 897 0 733 908 428 0 0 0 0 794 805 529 432 0 0 805 853 940 696 0 0 643 1 0 578 830 632 1 862 153 212 0 0 0
0 377 470 317 376 0 413 413 0 464 237 0 636 474 0 0 0 0 0 332 0 125 0 939 438 936 0 548 352 942 226 176 0 0 0 588 305 934 404 958 0 0 0 514 0 0 559 483 946 302 559 0 0 458 0 0 0 949 0 640 232 382 0 0 0 360 480 1 508 273 156 0 408 0 0 0 654 428 149 274 0 0 285 399 0 0 0 124 147 645 482 0 399 329 0 338 0 368 0 396 490 0 639 0 0 855 515 0 0 730 1 324 557 511 0 278 0 0 337 0 332 442 635 602 0 0 0 933 0 0 0 1 0 617 518 234 0 559 338 0 0 0 349 0 305 0 0 0 495 367 0 395 0 0 0 422 0 411 0 378 0 0 0 0 0 385 0 0 449 556 622 216 490 937 0 226 0 250 139 0 0 942 0 928 0 162 0 741 0 375 588 429 145 527 936 0 355 0 940 395 0 334 955 486 0 0 748 0 314
667 235 750 0 565 0 654 506 0 691 0 566 0 245 561 812 461 0 0 0 590 595 617 830 166 846 548 0 716 0 636 0 907 542 336 1 576 850 0 0 816 363 600 0 164 246 0 229 0 0 283 823 0 652 0 0 0 734 0 420 477 416 322 559 228 616 748 0 796 0 659 957 584 535 457 563 0 178 444 311 420 938 418 796 0 0 539 0 443 0 692 767 0 0 871 0 774 0 0 636 828 507 486 629 377 0 1 603 0 875 0 839 442 540 793 502 591 332 0 643 0 848 1 0 0 846 848 851 667 0 539 598 888 796 0 454 552 0 602 783 0 583 273 379 0 587 770 0 0 0 605 791 579 270 500 0 0 632 655 0 0 709 0 0 607 715 763 0 923 0 0 488 163 840 883 354 0 484 442 505 649 0 699 840 0 547 614 0 535 700 1 152 0 0 834 0 725 923 0 0 328 588 923 1 0 0 0 947 415
1 634 727 568 689 0 705 734 0 0 557 657 0 529 0 262 472 0 0 603 756 257 210 0 668 0 352 716 0 620 156 497 0 0 806 726 614 0 665 0 0 852 0 0 582 805 874 545 0 0 843 0 0 754 0 0 696 0 0 951 554 701 484 694 0 660 166 312 748 573 382 0 719 0 563 639 0 664 0 529 494 0 0 1 0 0 650 0 0 0 766 0 0 613 0 652 170 593 791 0 172 695 959 635 790 0 0 820 0 0 434 379 876 831 0 244 796 708 625 0 1 162 0 0 712 0 0 0 607 0 0 377 0 306 314 555 0 0 0 0 0 590 475 0 594 671 0 0 785 48 0 0 669 810 0 718 818 710 0 689 0 0 0 0 0 646 256 0 257 780 0 538 0 0 0 483 0 0 426 922 0 0 0 0 940 0 0 863 0 0 0 0 405 784 0 0 0 0 0 677 553 0 0 0 0 0 427 749 332
697 0 0 0 0 0 0 0 0 0 0 0 0 845 0 749 0 755 0 0 0 847 0 0 0 0 942 0 620 0 746 0 0 0 0 0 0 0 0 0 0 0 0 0 0 0 0 855 0 0 0 0 0 0 0 928 132 0 0 0 0 0 0 0 0 0 495 900 0 0 0 0 0 0 0 0 0 0 0 0 0 0 0 0 0 0 0 0 0 0 0 0 0 0 959 0 0 0 0 0 484 0 0 0 0 0 0 0 958 0 0 0 0 0 280 756 0 0 0 836 642 547 0 0 0 0 0 0 0 0 0 0 0 0 551 0 0 0 0 0 946 0 915 0 0 0 903 0 0 0 0 0 0 0 0 0 0 0 564 0 931 915 0 0 0 0 420 0 597 0 0 0 918 0 0 0 0 0 0 0 0 0 0 0 0 0 0 0 825 599 0 0 0 0 0 0 0 0 0 0 0 0 0 0 0 0 0 202 794
0 522 0 455 568 516 593 609 0 639 0 0 827 480 895 238 346 59 0 497 0 132 1 0 565 0 226 636 156 746 0 371 0 517 0 657 494 0 564 0 0 728 0 613 504 691 0 0 0 495 0 0 0 641 0 0 822 0 0 826 428 574 0 0 0 546 0 186 658 0 0 0 599 786 437 0 847 559 326 0 369 0 476 215 0 0 527 205 322 834 0 0 533 0 0 0 0 489 666 0 297 570 833 0 665 0 0 701 0 884 0 0 750 707 0 0 676 585 505 0 138 0 715 788 594 0 0 0 0 0 0 259 0 424 386 428 381 741 524 0 0 471 394 0 480 0 0 0 666 0 581 210 550 693 0 604 696 595 247 569 0 0 0 0 590 544 0 0 317 683 730 412 533 0 0 366 0 0 302 796 221 0 0 0 0 0 625 827 135 0 0 539 284 675 0 0 505 0 0 568 434 0 0 579 0 0 553 869 274
0 281 389 0 248 0 0 271 936 0 0 0 491 483 554 426 0 364 0 264 0 271 318 0 351 810 176 0 497 0 371 0 0 194 364 531 0 0 0 853 834 0 256 441 408 407 415 486 815 179 428 0 0 345 875 900 0 0 0 495 1 236 0 249 391 253 0 215 434 182 225 0 0 446 1 204 508 339 1 0 1 0 0 545 0 0 0 245 1 500 377 0 310 248 0 212 444 0 325 289 636 233 0 243 334 0 459 378 0 0 0 404 0 370 888 386 352 270 219 0 475 0 0 458 308 877 808 808 256 905 1 178 880 757 646 1 1 418 230 844 0 0 0 0 221 243 0 0 363 0 0 540 238 399 513 313 365 0 563 0 0 0 0 0 284 315 0 828 580 0 532 1 468 809 0 0 884 1 134 455 538 0 958 0 0 0 316 704 296 518 0 360 0 412 0 891 303 861 816 302 183 220 842 422 828 0 0 0 389
0 936 716 0 0 0 0 762 1 0 931 0 585 0 493 0 0 0 191 849 720 0 0 0 921 0 0 907 0 0 0 0 0 843 743 910 860 0 780 0 0 696 793 913 0 0 0 0 0 0 0 214 0 708 0 0 0 0 316 598 946 0 0 0 797 0 0 0 688 894 0 0 757 593 942 0 0 922 0 0 0 0 914 0 0 197 834 0 0 583 688 190 939 0 0 827 0 0 0 771 0 0 568 0 746 331 0 0 188 463 0 0 0 663 0 0 0 0 922 461 0 0 852 0 0 0 233 0 846 0 0 0 165 0 0 952 0 686 0 194 0 0 0 660 867 803 267 224 775 0 772 0 0 759 547 0 667 755 0 0 0 322 340 0 763 800 0 205 0 822 805 958 0 229 0 0 0 0 0 593 0 223 264 239 0 0 728 555 0 0 859 0 0 801 229 0 840 208 0 778 0 831 231 0 0 143 0 880 0
564 0 251 0 0 51 157 0 776 0 0 1 381 610 416 0 0 0 823 0 154 415 461 649 0 648 0 542 0 0 517 194 843 0 0 597 1 646 209 690 675 330 0 0 514 389 320 0 655 0 389 660 805 0 713 750 0 658 836 399 0 0 359 1 384 1 0 0 0 1 305 798 0 0 151 51 390 0 266 0 242 0 163 673 883 0 40 359 273 394 220 847 374 144 0 50 556 0 198 136 769 0 0 1 262 584 534 216 802 476 252 442 302 0 0 550 190 250 265 0 624 705 612 368 0 717 645 645 0 742 178 293 718 0 0 160 166 345 1 690 0 0 490 356 132 1 0 650 332 0 1 0 0 0 389 157 209 0 0 1 820 936 655 687 0 0 857 0 666 0 0 150 574 647 381 320 0 122 0 325 696 0 0 639 0 193 153 579 456 0 555 0 330 413 0 0 218 697 0 0 0 0 678 0 677 816 0 0 550
731 229 0 285 304 291 0 0 0 405 342 0 0 505 0 757 0 684 812 447 0 0 636 591 0 600 0 336 806 0 0 364 743 0 0 386 0 0 460 698 595 0 341 0 390 126 1 0 0 0 0 0 782 0 655 0 0 0 893 177 0 0 365 296 0 363 906 535 509 393 550 0 309 235 302 326 218 237 389 316 0 707 252 0 647 716 0 579 393 190 401 669 242 418 0 314 776 0 184 369 948 0 212 387 1 612 351 300 791 571 0 713 143 237 0 629 293 128 212 0 772 914 376 138 140 636 0 604 434 738 398 0 0 0 0 0 0 1 0 582 805 0 0 1 410 332 0 578 1 817 337 0 326 1 0 369 269 0 822 0 820 705 720 662 336 462 0 596 0 235 304 337 433 597 0 356 0 310 411 210 804 0 631 594 0 414 331 758 586 814 0 0 431 165 593 732 489 0 615 411 284 347 668 0 559 779 0 0 575
685 289 805 321 620 0 709 0 892 0 571 621 492 235 598 844 508 678 0 0 0 0 0 853 0 870 588 1 726 0 657 531 910 597 386 0 631 0 775 0 0 409 655 126 185 293 453 0 846 606 327 845 0 706 0 0 0 751 0 458 529 0 363 613 278 0 743 588 850 0 703 0 638 582 509 618 0 233 489 357 468 0 472 806 0 0 0 680 487 480 746 0 257 707 867 612 798 263 534 691 828 0 526 684 0 0 0 655 0 921 542 0 0 593 757 515 644 387 0 610 680 858 0 439 0 862 873 876 720 0 589 641 907 775 0 506 603 405 657 799 0 637 294 0 687 641 751 832 0 725 660 801 0 317 539 700 0 687 651 629 0 689 0 0 662 770 747 844 942 184 146 540 160 864 938 397 714 0 484 549 648 848 691 866 0 597 669 0 560 706 1 201 472 251 0 0 779 946 0 0 378 643 0 139 773 0 0 0 425
0 373 232 360 1 1 147 0 793 0 1 1 420 0 449 471 232 0 0 134 172 0 439 0 441 662 305 576 614 0 494 0 860 1 0 631 0 659 180 694 0 0 1 0 0 430 362 630 0 55 431 677 810 0 0 741 0 683 0 0 152 0 373 1 425 1 748 348 279 0 271 808 135 339 0 59 427 428 0 342 249 0 191 642 920 738 1 329 0 434 216 876 405 0 0 1 0 414 237 127 739 137 409 1 305 589 566 237 806 473 243 0 342 0 0 542 212 290 0 0 602 672 649 410 0 0 659 0 120 0 0 266 0 887 681 173 145 387 1 712 803 54 505 0 1 1 0 0 373 631 0 639 1 412 425 152 235 0 704 1 822 0 651 696 0 171 0 686 627 516 595 152 600 662 0 0 779 134 296 0 678 0 872 653 0 173 162 556 442 0 592 466 0 453 0 0 179 706 0 144 0 0 0 0 0 0 0 0 550
0 801 515 851 0 653 552 573 167 0 734 622 448 0 0 0 845 0 239 646 522 0 0 0 810 36 934 850 0 0 0 0 0 646 0 0 659 0 579 142 1 559 592 838 951 0 518 0 0 665 616 0 210 506 0 299 0 0 335 473 0 643 921 590 685 603 0 0 0 692 0 185 559 419 0 639 418 806 0 871 0 0 732 0 455 0 637 938 883 453 0 0 0 641 284 629 0 862 536 0 0 608 422 625 0 0 884 461 218 273 868 0 496 477 0 0 487 678 765 607 0 0 827 505 713 1 32 0 643 167 790 0 1 0 0 0 0 0 625 0 233 680 0 529 664 602 0 1 0 0 571 0 0 0 403 0 475 553 0 0 247 468 223 1 0 599 0 1 0 744 0 764 0 43 0 897 271 732 0 430 0 1 371 39 793 803 527 426 0 0 0 856 939 699 0 165 639 1 0 575 0 630 1 0 0 0 0 0 0
0 0 1 510 190 230 1 262 716 0 259 184 476 779 0 0 369 540 710 1 0 473 512 0 586 583 404 0 665 0 564 0 780 209 460 775 180 579 0 585 0 0 153 680 690 551 442 780 600 204 542 607 701 149 645 604 0 644 690 505 300 0 520 197 552 0 800 444 0 178 0 0 0 366 316 0 470 574 403 492 0 654 340 0 929 634 211 389 0 0 0 0 553 0 0 194 543 564 0 120 764 248 452 0 411 0 713 238 692 357 0 0 0 291 0 651 0 0 0 0 667 683 788 486 490 663 0 578 1 637 283 346 0 936 0 323 0 0 149 659 684 183 652 483 139 165 0 0 0 0 153 666 172 530 462 0 258 133 0 180 0 0 0 602 155 0 0 0 604 0 726 297 0 585 206 479 755 284 0 400 755 596 0 575 0 288 168 0 0 0 0 0 461 581 0 620 1 0 583 1 455 0 586 0 655 0 0 0 678
0 892 519 0 636 701 579 0 200 527 775 662 549 0 0 941 892 0 163 0 570 0 0 166 910 148 958 0 0 0 0 853 0 690 698 0 694 142 585 0 193 656 628 0 0 763 614 0 175 0 720 0 0 539 145 186 0 278 228 0 803 715 0 0 788 633 0 0 0 718 868 160 603 502 806 679 0 905 0 948 0 1 795 0 528 0 683 939 933 556 510 382 909 659 0 671 0 0 0 0 0 664 520 650 679 136 0 515 142 259 907 825 587 545 0 0 539 0 846 670 0 0 0 606 806 186 145 141 657 1 823 902 138 0 0 816 806 653 0 0 0 711 0 629 0 640 479 188 742 0 608 0 645 0 502 572 0 585 0 0 163 528 128 1 600 0 0 180 0 852 871 810 0 154 460 0 360 780 0 519 0 171 0 151 717 833 0 346 0 0 0 956 0 804 160 0 639 1 130 594 905 664 1 0 0 164 0 0 0
0 793 0 848 622 680 593 594 0 548 763 653 436 0 335 0 868 0 256 691 553 0 0 1 0 0 0 816 0 0 0 834 0 675 595 0 0 1 0 193 0 549 0 809 928 640 0 0 0 696 596 54 224 544 0 347 0 1 0 456 778 0 924 619 667 0 0 0 545 730 913 183 0 428 774 671 0 791 897 874 0 152 748 0 0 175 0 0 904 0 528 0 0 0 237 0 0 851 549 607 0 631 414 664 590 213 853 489 0 0 896 927 0 495 0 0 515 0 767 544 0 0 784 491 0 1 1 1 0 201 823 927 1 0 0 784 808 540 662 1 0 716 0 516 0 636 372 57 0 0 0 0 0 624 0 581 499 591 0 0 0 405 283 0 597 0 0 44 0 714 0 790 0 1 551 0 0 757 927 0 0 1 307 1 0 836 562 490 0 0 773 0 958 677 0 205 689 144 0 0 836 665 0 839 1 215 0 0 0
0 275 468 332 316 314 386 239 643 0 374 337 143 544 249 0 0 728 0 462 0 636 680 546 0 557 0 363 852 0 728 0 696 330 0 409 0 559 0 656 549 0 352 335 429 0 0 533 544 352 0 546 737 362 0 790 0 487 0 130 355 203 412 308 0 375 953 578 0 416 0 702 315 203 339 0 0 278 433 363 390 662 291 0 0 672 321 617 0 143 396 623 285 434 0 0 817 333 183 0 0 267 167 0 1 574 383 0 747 0 461 0 1 224 0 676 286 173 258 697 818 0 0 0 185 589 0 560 449 695 433 549 617 0 0 0 433 45 375 535 762 393 487 1 0 345 698 533 0 863 346 907 340 123 186 372 258 364 870 324 776 0 0 618 343 471 0 551 950 256 0 0 0 552 0 403 529 344 456 173 851 0 588 550 0 449 0 738 0 861 344 0 477 189 548 0 502 632 0 0 331 364 0 0 512 733 0 0 621
604 405 0 402 1 1 0 144 726 0 178 0 381 679 0 520 295 0 760 142 1 459 504 0 0 594 0 600 0 0 0 256 793 0 341 655 1 592 153 628 0 352 0 559 580 0 333 677 0 1 422 0 744 1 660 682 0 0 768 404 210 216 0 1 429 53 812 0 232 0 330 741 1 287 219 1 0 0 0 391 0 684 230 701 0 671 1 0 337 0 152 815 0 1 0 1 579 0 203 0 0 125 364 0 292 522 595 174 0 410 310 437 0 202 0 609 150 0 0 0 0 0 665 0 368 668 0 0 0 680 228 331 663 952 720 228 213 366 0 647 738 1 558 373 120 45 925 600 372 0 51 0 0 408 378 1 0 1 771 59 757 919 589 0 1 152 0 0 0 526 603 0 0 0 317 388 719 189 360 0 0 600 0 586 0 240 0 512 509 0 0 498 394 459 0 666 180 639 599 1 350 1 619 0 636 0 0 0 614
647 194 0 234 0 0 614 467 882 0 477 526 431 252 540 780 0 630 0 0 552 0 590 820 125 0 514 0 0 0 613 441 913 0 0 126 0 838 680 0 809 335 559 0 153 219 380 0 814 510 0 0 0 613 873 0 0 0 0 400 436 0 0 519 0 0 744 520 0 559 621 955 544 507 0 0 0 0 407 0 382 931 0 780 683 950 499 0 406 423 654 780 163 612 881 516 749 177 446 0 820 0 463 0 343 875 1 567 0 0 459 803 0 507 814 487 0 293 0 0 655 833 154 375 0 842 836 0 0 0 0 0 882 803 0 413 512 334 561 780 0 542 257 354 592 546 0 801 0 703 0 775 539 0 479 0 0 0 0 0 0 0 0 898 0 674 766 816 0 125 0 447 171 0 0 318 716 0 406 478 0 0 0 829 0 508 576 0 0 0 1 0 400 176 823 0 684 0 851 633 288 547 0 1 753 0 0 0 403
534 214 735 209 551 494 0 0 0 685 465 542 535 0 0 0 0 524 0 634 595 473 0 935 176 948 0 164 582 0 504 408 0 514 390 185 0 951 690 0 928 429 580 153 0 322 0 137 930 516 365 931 0 651 0 0 0 850 0 0 422 417 0 546 0 0 0 435 0 0 560 0 577 0 405 534 566 183 353 231 342 0 381 660 795 0 515 530 0 529 692 900 187 611 0 532 644 158 0 0 0 0 564 595 417 0 123 626 0 918 0 0 502 0 0 0 0 345 284 764 536 0 0 478 288 0 949 952 624 0 466 497 0 0 857 399 483 431 0 900 0 539 140 455 587 0 0 917 345 583 592 657 0 341 582 634 596 0 527 0 0 842 0 0 596 679 645 933 790 0 265 0 0 0 864 0 0 0 342 570 519 931 833 942 0 0 613 0 0 566 214 130 0 282 938 0 0 0 0 649 265 558 0 0 0 0 861 930 281
736 202 0 0 392 0 0 320 726 500 0 405 244 0 0 801 409 0 865 531 397 613 0 644 183 0 0 246 805 0 691 407 0 389 126 293 430 0 551 763 640 0 0 219 322 0 192 0 0 0 1 641 833 459 703 903 0 569 0 217 373 249 351 0 57 450 0 556 605 468 600 0 0 320 354 0 275 182 0 308 373 759 0 875 0 774 382 617 415 238 497 0 0 0 757 0 803 0 279 0 943 335 275 0 0 687 0 0 0 660 0 0 227 332 0 607 0 0 224 0 765 926 0 187 131 678 0 660 518 797 452 554 712 0 0 356 457 145 444 0 863 446 395 166 490 419 720 628 1 0 0 0 412 55 292 0 364 451 794 401 0 675 798 0 0 551 927 0 0 140 0 0 356 652 692 356 586 0 428 289 0 0 0 651 0 0 0 0 0 0 230 227 440 1 647 793 0 734 0 0 290 431 729 0 0 825 0 0 539
0 313 437 367 299 0 360 222 0 0 0 0 0 588 0 0 434 746 727 445 275 653 698 506 0 516 559 0 874 0 0 415 0 320 1 453 362 518 442 614 0 0 333 380 0 192 0 577 505 344 157 507 698 331 571 746 0 454 810 1 363 209 445 291 211 356 0 595 470 0 586 664 293 158 349 334 0 321 452 395 410 623 304 0 602 631 311 626 457 0 0 603 0 417 669 320 827 0 160 0 0 0 0 384 1 0 428 253 706 498 0 732 0 189 0 708 254 200 0 703 843 0 434 1 224 553 516 519 432 0 438 0 579 0 0 356 435 0 360 0 0 384 527 0 0 328 685 0 158 886 324 924 323 168 148 345 223 339 902 306 0 0 639 577 320 448 0 0 0 0 358 0 514 0 554 432 506 0 0 128 882 504 573 0 0 0 304 696 656 886 388 0 501 0 508 647 482 591 530 394 360 350 583 398 479 0 0 0 658
513 320 0 306 651 0 0 615 0 0 551 639 636 0 746 697 451 0 0 719 698 491 0 0 283 0 483 229 545 855 0 486 0 0 0 0 630 0 780 0 0 533 677 0 137 0 577 0 0 609 464 0 0 753 0 0 0 933 0 607 0 0 292 647 398 685 555 467 878 0 608 0 679 0 495 628 667 290 0 0 420 0 477 624 821 0 0 564 416 629 0 947 0 699 0 629 0 262 615 0 640 0 667 687 524 0 193 0 0 0 469 764 608 0 610 0 0 0 387 757 499 0 0 579 395 0 0 0 0 0 540 0 0 597 829 0 559 0 0 0 0 627 166 0 674 0 923 0 0 542 690 619 655 443 683 0 702 719 463 0 0 859 0 0 0 0 0 0 768 333 327 0 1 0 955 334 0 0 402 675 460 0 875 0 0 542 715 0 411 521 274 237 377 0 0 0 0 0 0 743 357 652 0 0 956 0 770 825 251
0 788 0 840 0 0 0 576 0 523 743 0 432 0 0 0 850 0 255 666 532 0 0 0 792 0 946 0 0 0 0 815 0 655 0 846 0 0 600 175 0 544 0 814 930 0 505 0 0 675 596 0 224 0 1 331 0 135 0 454 759 640 0 0 666 0 0 0 0 0 888 190 0 414 0 0 402 789 880 864 0 0 732 0 419 166 0 957 0 435 503 287 0 659 263 0 0 847 534 583 0 613 408 641 581 0 859 0 235 0 0 0 485 0 0 0 494 669 757 572 0 0 796 488 0 1 1 1 0 192 0 904 1 0 0 0 0 538 0 0 253 693 0 512 680 614 401 43 628 0 583 0 617 623 388 557 480 567 0 599 265 434 261 1 574 621 0 46 0 719 730 0 0 55 522 0 0 0 911 420 0 36 335 1 799 814 0 464 0 0 782 837 0 0 50 193 0 130 1 593 0 642 136 0 120 219 0 0 0
0 0 0 337 0 0 0 158 796 215 0 1 406 609 441 484 0 480 0 159 0 0 439 669 416 0 302 0 0 0 495 179 0 0 0 606 55 665 204 0 696 352 1 510 516 0 344 609 675 0 409 680 0 196 732 0 0 681 844 423 133 189 0 0 401 0 749 345 299 1 281 815 136 330 0 56 414 403 253 0 0 759 0 648 0 0 1 335 259 419 229 871 381 131 899 1 531 390 223 0 745 120 397 1 0 599 540 237 816 0 235 419 327 246 0 533 0 265 0 0 0 681 0 392 0 738 664 0 146 757 157 269 0 888 0 153 143 367 1 712 0 0 485 380 1 0 0 670 350 633 0 645 1 389 414 165 231 0 701 1 834 0 666 704 0 0 835 0 641 491 570 0 577 666 378 313 773 1 283 350 675 0 0 658 0 171 0 578 0 643 567 442 317 0 0 742 204 0 672 164 0 0 695 0 699 832 0 0 537
772 240 548 0 385 371 462 310 683 483 0 401 202 477 312 824 0 0 0 529 0 644 0 600 0 613 559 283 843 0 0 428 0 389 0 327 431 616 542 720 596 0 422 0 365 1 157 464 596 409 0 597 790 442 659 862 0 0 0 0 389 251 389 377 1 444 926 0 0 472 620 749 0 0 370 0 233 0 0 344 400 716 319 911 0 730 0 641 444 0 478 0 240 500 0 395 0 0 0 0 0 331 234 468 161 646 307 373 801 624 478 789 193 308 0 0 368 0 0 654 804 0 0 0 162 634 0 617 515 0 468 0 668 0 0 374 472 1 441 575 0 0 439 126 0 0 0 0 1 851 419 0 407 1 250 0 341 439 837 0 0 646 757 676 0 544 0 600 0 173 0 406 0 608 672 391 545 383 0 253 822 597 584 607 0 483 410 823 624 845 261 0 473 1 0 750 571 0 629 492 322 0 686 282 550 782 0 0 582
0 790 0 843 0 665 574 0 0 528 747 637 0 0 329 0 855 0 254 671 537 0 0 48 0 0 0 823 0 0 0 0 214 660 0 845 677 0 607 0 54 546 0 0 931 641 507 0 0 680 597 0 222 526 0 0 0 132 360 456 764 0 918 0 667 622 0 0 523 0 0 187 573 0 0 0 0 0 0 867 848 148 736 0 414 167 651 0 891 0 509 0 801 664 257 643 0 849 0 588 0 617 410 0 584 0 0 473 234 0 881 903 0 482 0 0 499 672 0 567 0 0 0 490 701 1 0 1 668 192 806 909 1 0 0 771 792 540 0 1 253 698 0 514 685 619 0 43 630 0 588 0 0 0 390 562 0 572 0 604 264 429 264 1 0 626 0 40 0 719 729 0 954 0 528 897 228 742 915 424 0 42 330 1 796 819 544 468 0 0 780 838 946 679 55 194 668 0 1 599 828 647 139 0 1 217 0 0 0
0 0 0 0 751 0 695 744 0 643 891 778 626 0 0 0 0 0 0 0 683 0 0 221 0 212 0 0 0 0 0 0 0 805 782 0 810 210 701 0 224 737 744 0 0 833 698 0 224 0 790 222 0 655 160 0 0 303 187 0 917 819 0 750 860 0 0 0 599 0 0 1 717 598 920 0 595 0 0 0 0 0 905 0 0 0 797 0 0 0 0 327 0 0 234 786 0 0 712 0 0 776 600 0 771 0 0 626 50 374 0 917 676 0 0 0 651 858 945 597 0 0 0 682 892 190 212 210 774 1 940 0 152 0 0 929 922 731 773 253 1 828 0 706 801 756 402 236 0 0 723 0 0 817 581 0 0 701 0 0 0 0 218 155 715 720 0 219 0 907 908 925 0 0 567 0 342 895 0 610 0 224 0 219 615 950 683 0 0 0 0 0 0 870 220 1 754 0 199 711 0 780 158 0 279 56 0 915 0
0 470 136 478 134 199 0 0 641 1 0 155 0 0 342 577 0 0 670 187 1 542 586 513 526 508 458 652 754 0 641 345 708 0 0 706 0 506 149 539 544 362 1 613 651 459 331 753 0 196 442 526 655 0 573 597 0 0 0 0 297 0 0 137 465 0 891 0 0 0 403 652 1 247 0 171 351 515 419 472 396 596 309 0 817 0 0 469 0 374 1 744 500 172 751 165 645 523 0 1 0 182 0 150 0 0 654 1 650 322 399 479 0 175 0 698 0 350 397 0 749 790 707 0 0 584 505 505 180 591 0 413 0 0 759 314 0 374 150 568 0 205 0 373 191 132 0 0 403 0 0 767 138 0 0 0 141 1 0 127 667 861 501 0 1 0 0 535 719 564 0 0 710 509 0 0 651 276 449 0 829 0 0 500 0 328 1 445 597 787 652 562 0 495 0 576 205 550 0 1 430 156 530 0 560 668 0 0 703
0 854 580 907 659 0 0 0 1 572 801 689 497 0 393 0 912 0 192 0 590 0 0 0 855 1 0 0 0 0 0 875 0 713 655 0 0 0 645 145 0 0 660 873 0 703 571 0 1 732 659 0 160 573 0 291 0 177 0 518 820 705 0 657 729 671 0 0 554 0 933 0 0 480 819 0 467 853 942 930 0 1 796 0 0 1 705 0 949 499 553 0 0 708 221 696 0 0 599 636 0 674 474 692 647 200 916 528 174 0 936 921 0 0 0 0 0 0 823 562 0 0 846 553 764 0 0 1 710 141 858 955 0 0 0 829 0 603 693 0 195 748 0 577 731 670 378 0 0 0 0 0 674 0 453 610 0 0 0 0 204 0 242 0 0 664 0 0 0 778 783 831 0 1 0 959 246 799 0 487 0 1 333 1 733 0 595 457 0 0 0 900 0 0 1 147 704 1 0 642 891 0 0 903 156 0 0 0 0
0 0 542 0 0 766 625 722 324 573 825 720 0 0 580 861 0 0 187 674 0 0 0 322 0 0 0 0 0 928 0 900 0 750 0 0 741 299 604 186 347 790 682 0 0 903 746 0 331 0 862 0 0 597 291 0 829 0 1 720 861 0 0 0 926 680 0 0 498 751 852 0 0 624 871 0 0 0 0 0 0 237 874 0 0 206 746 917 0 0 560 0 0 686 0 730 948 0 713 646 0 743 658 688 800 247 0 0 185 308 941 756 0 647 0 0 623 876 949 770 0 0 0 747 929 331 300 297 679 0 857 900 282 0 0 880 0 790 0 390 161 751 0 768 712 696 575 0 0 0 665 0 0 882 0 624 629 638 0 694 0 0 137 244 0 0 0 336 0 0 0 863 0 0 441 0 502 840 0 648 0 328 0 307 621 862 633 264 0 0 0 0 0 0 0 0 644 0 287 629 0 0 225 0 414 0 0 945 0
0 0 0 0 0 0 0 0 945 0 0 0 0 945 0 789 0 827 835 0 0 920 0 0 0 0 0 0 696 132 822 0 0 0 0 0 0 0 0 0 0 0 0 0 0 0 0 0 0 0 0 0 0 0 0 829 0 0 0 0 0 0 0 0 0 0 0 0 0 0 0 0 0 0 0 0 0 0 0 0 0 939 0 645 0 933 0 953 0 0 0 0 0 0 875 0 752 0 0 0 555 0 0 0 0 0 0 0 0 0 0 0 0 0 381 0 0 0 0 814 723 605 0 0 0 0 0 0 0 912 0 0 0 0 575 0 0 0 0 0 0 0 0 0 0 0 844 0 0 682 0 0 0 0 0 0 0 0 656 0 829 868 936 0 0 0 0 0 632 0 0 0 0 0 0 0 0 0 0 0 0 0 0 0 288 0 0 892 910 680 0 0 0 0 0 0 0 0 0 0 0 0 0 0 0 865 300 222 0
0 730 587 0 608 659 0 567 187 557 743 640 0 948 286 0 0 0 335 700 540 0 0 146 720 166 949 734 0 0 0 0 0 658 0 751 683 0 644 278 1 487 0 0 850 569 454 933 135 681 0 132 303 0 177 0 0 0 453 390 750 613 869 0 0 0 0 0 575 0 918 256 578 391 744 0 349 720 863 819 0 0 710 0 336 0 649 0 0 0 538 0 735 688 252 0 0 785 514 607 0 0 360 664 537 281 0 477 318 386 0 0 443 469 0 0 0 624 0 0 0 0 699 427 641 0 170 174 694 0 806 920 186 0 0 753 794 0 656 1 341 0 934 452 705 627 0 0 0 0 0 0 628 555 338 582 0 589 0 608 348 363 365 219 0 662 0 0 0 0 637 0 866 0 597 0 147 731 891 0 0 0 256 166 0 821 0 564 0 0 0 764 0 603 0 291 706 230 0 626 784 656 0 760 55 290 0 0 0
0 0 629 0 786 0 711 804 317 658 0 806 747 0 636 917 0 0 158 760 727 0 0 354 0 339 0 0 0 0 0 0 316 836 893 0 0 335 690 228 0 0 768 0 0 0 810 0 0 844 0 360 187 0 0 1 0 453 0 775 947 0 0 788 0 766 0 0 584 837 931 240 754 0 956 0 716 0 0 0 0 0 958 0 0 224 0 0 0 753 646 476 0 772 375 0 0 0 790 732 0 826 717 774 871 313 0 682 0 392 0 820 0 0 0 0 704 0 0 722 0 0 0 804 0 342 337 333 765 199 943 0 297 0 846 0 924 850 789 405 0 0 0 827 799 782 532 374 0 0 0 0 0 941 0 709 708 724 0 779 141 594 215 275 0 0 0 0 894 0 0 949 0 344 0 0 0 0 0 0 0 358 0 344 540 947 717 339 0 0 0 0 0 0 350 199 0 261 0 0 0 800 0 0 0 209 956 0 0
875 370 489 0 372 387 424 0 547 426 0 399 1 0 172 875 0 825 679 516 338 0 777 458 0 470 640 420 951 0 826 495 598 399 177 458 0 473 505 0 456 130 404 400 0 217 1 607 454 423 0 456 0 0 518 720 0 390 775 0 444 290 511 364 242 428 0 675 517 485 667 609 360 180 430 0 0 365 530 462 488 0 384 0 520 587 389 707 0 0 415 0 377 0 596 397 0 426 233 419 0 0 1 0 0 506 448 0 659 0 0 809 127 243 0 0 0 272 0 625 918 0 0 0 281 495 471 474 504 611 519 638 527 0 0 0 516 0 434 439 676 0 0 0 490 401 604 442 207 0 392 0 397 199 0 0 277 404 0 0 0 576 0 0 0 513 0 459 0 0 349 462 540 465 594 503 0 430 554 0 0 455 0 464 0 536 367 711 731 0 390 0 576 256 460 607 550 0 486 459 431 425 543 425 415 642 0 0 0
0 271 353 245 197 132 266 0 0 319 0 172 437 0 0 468 120 420 935 242 264 327 374 0 341 755 232 477 554 0 428 1 946 0 0 529 152 0 300 803 778 355 210 436 422 373 363 0 759 133 389 764 917 297 820 861 0 750 947 444 0 184 251 0 360 211 679 272 401 0 0 907 230 389 51 157 0 0 154 222 129 0 1 599 933 0 150 293 161 447 332 927 303 220 0 0 494 302 268 0 0 0 438 208 0 697 460 0 0 0 151 433 357 313 0 441 297 0 200 0 531 639 557 408 0 820 753 0 0 855 0 0 825 814 689 0 1 370 189 0 915 147 0 389 195 196 0 753 324 569 228 595 0 362 457 0 309 254 0 202 934 0 768 797 235 288 759 772 625 0 514 48 0 754 476 210 828 0 185 399 594 756 0 0 0 125 266 677 353 574 500 359 218 0 752 840 285 808 0 266 187 178 790 0 771 927 950 0 436
