0 578 224 1 0 503 0 777 596 368 0 0 264 440 0 362 0 0 524 243 255 0 0 0 0 0 135 190 571 636 0 0 0 0 0 780 0 0 482 0 0 775 0 543 0 0 0 519 0 186 874 203 465 399 386 0 865 0 419 189 0 362 0 234 349 0 188 0 0 516 0 0 0 0 774 350 519 0 0 0 0 260 0 0 0 0 297 0 0 589 0 517 0 278 0 314 326 0 0 530 0 0 575 253 548 0 0 0 0 526 0 919 0 0 182 0 0 58 936 138 0 0 356 884 371 0 837 799 0 446 159 842 0 0 0 260 0 0 0 0 635 0 0 127 180 0 0 0 167 300 0 0 0 0 0 1 0 575 196 0 245 492 0 264 0 811 326 0 0 0 0 134 1 751 801 0 0 0 563 1 0 0 893 0 231 635 0 435 851 516 0 0 489 0 806 0 0 326 0 922 0 0 0 0 0 0 0 787 0
578 0 357 513 607 0 0 0 0 0 507 0 317 0 0 0 0 0 564 0 0 0 590 0 0 0 406 394 0 0 0 0 0 325 389 0 547 341 237 366 0 340 0 0 0 366 0 1 0 0 470 0 220 293 559 0 0 560 501 699 0 334 0 375 791 0 485 0 375 149 0 130 526 314 0 269 0 379 355 376 0 0 350 0 0 0 629 0 0 0 0 1 403 337 0 374 424 0 582 0 352 566 0 0 0 0 0 0 556 1 0 0 943 0 690 474 479 475 0 582 372 745 545 363 0 454 0 0 455 835 0 0 0 0 0 0 497 0 434 0 565 879 584 678 0 0 406 0 420 0 519 0 0 419 941 0 0 404 635 0 839 0 645 460 0 0 840 476 543 454 0 0 0 0 335 0 498 309 0 495 603 739 0 0 495 0 0 208 0 172 0 0 0 0 439 425 0 0 0 486 0 0 375 644 0 0 0 327 462
224 357 0 190 0 0 159 0 508 0 818 0 0 247 270 0 0 606 466 198 281 0 0 799 606 889 1 0 0 0 0 217 305 0 0 0 385 643 303 560 468 0 637 0 776 0 0 326 145 150 702 1 0 249 0 0 701 0 377 374 827 297 631 128 507 0 183 274 0 351 0 291 389 0 607 0 431 0 335 1 237 122 0 0 641 0 367 600 0 0 167 0 0 144 0 0 273 0 507 718 0 0 0 155 731 0 327 562 872 342 514 0 618 280 369 0 0 0 0 0 0 0 326 0 0 163 665 648 319 0 159 0 0 0 0 168 177 600 0 0 571 0 0 351 140 786 1 245 1 182 0 0 0 1 0 182 0 465 329 493 468 0 499 248 0 654 0 0 778 777 143 0 0 0 0 0 0 0 741 168 333 0 0 906 228 798 0 255 702 333 0 0 676 1 0 0 0 223 0 763 0 0 679 0 0 0 375 0 829
1 513 190 0 0 0 0 765 529 404 0 472 225 404 278 0 0 725 0 0 0 152 0 958 765 0 0 214 0 715 211 322 153 0 0 766 401 0 425 0 0 0 775 524 922 219 238 0 213 0 0 0 0 0 311 0 0 0 305 216 0 341 0 203 416 0 0 0 209 464 0 414 342 0 759 333 451 0 390 166 0 0 763 839 836 228 0 513 0 0 327 438 240 0 0 0 353 0 0 0 772 127 622 0 628 0 0 0 0 454 506 0 461 373 244 0 1 0 0 1 204 275 253 0 368 0 0 818 0 430 0 0 284 0 1 0 0 0 849 0 569 0 674 0 0 0 0 214 0 303 925 0 0 150 0 152 0 565 177 385 311 0 429 0 0 807 358 895 921 934 263 0 0 765 0 137 314 0 582 1 211 0 934 0 236 0 0 380 0 0 0 0 0 195 784 180 0 336 0 0 0 0 0 0 549 0 0 771 943
0 607 0 0 0 452 363 0 495 0 0 574 0 0 372 0 0 0 0 0 158 267 0 0 0 0 0 330 416 568 1 0 37 409 384 876 0 876 492 795 0 876 885 411 0 0 0 559 0 0 0 0 470 0 0 0 0 152 0 0 0 377 0 341 427 0 328 311 0 538 0 506 0 388 0 447 440 392 412 256 0 274 0 940 0 0 0 420 294 501 0 552 357 389 238 291 463 0 0 0 885 0 555 0 568 431 441 489 0 0 0 820 375 471 245 320 0 888 0 0 0 0 0 0 0 183 932 914 508 314 0 0 387 0 0 388 0 0 0 0 485 322 0 0 0 638 283 218 0 415 0 0 673 0 0 261 0 710 0 286 0 0 0 0 0 0 0 0 0 0 406 154 0 0 0 253 284 869 0 0 123 176 846 0 335 593 1 452 0 515 0 0 0 0 926 0 0 0 0 0 0 0 948 0 508 0 0 0 0
503 0 0 0 452 0 692 0 817 166 0 752 0 911 603 0 0 0 667 709 0 614 477 0 0 0 0 677 529 179 405 747 447 0 0 0 636 0 912 0 701 0 0 597 0 0 0 0 0 0 0 671 889 806 0 0 0 493 0 0 0 785 0 698 0 0 614 0 689 959 657 0 0 756 0 0 0 779 0 640 879 674 0 0 0 0 536 0 0 168 0 0 707 742 250 0 742 953 690 1 0 0 164 693 0 0 884 0 0 0 766 464 0 0 382 0 572 0 0 423 0 316 0 0 0 602 0 0 0 0 0 0 653 0 0 0 0 0 0 0 785 0 0 0 642 0 652 620 0 0 0 620 306 640 0 0 0 0 0 475 0 1 582 0 675 0 0 0 0 0 0 0 0 0 0 616 640 0 148 0 483 312 0 0 0 129 457 0 0 0 0 668 0 0 0 641 519 0 0 0 0 0 0 0 0 864 0 0 0
0 0 159 0 363 692 0 589 636 560 870 279 0 290 0 320 710 572 593 1 0 0 266 0 607 0 134 1 717 828 0 0 0 438 0 576 536 548 398 492 596 568 0 0 709 1 0 0 1 1 635 1 393 0 0 0 0 0 504 396 814 403 0 0 438 0 122 403 0 0 0 0 529 1 548 0 559 0 460 0 0 0 572 0 630 429 447 716 0 0 0 391 0 1 535 335 0 0 0 724 0 348 740 48 669 0 450 691 0 411 0 0 0 376 341 1 0 554 729 329 1 0 0 710 578 0 611 0 239 0 0 617 0 0 264 56 245 562 0 0 0 0 474 0 1 713 0 0 0 0 714 0 0 136 586 154 0 376 0 596 0 707 619 0 0 0 524 0 0 0 224 256 656 0 598 142 474 0 0 0 0 0 0 917 170 0 0 353 0 419 0 0 0 0 598 1 0 1 0 704 728 0 639 0 0 367 491 583 0
777 0 0 765 0 0 589 0 748 0 443 0 573 0 0 0 0 1 860 580 0 0 805 0 159 422 639 595 0 0 0 0 883 0 556 43 0 0 0 160 829 0 1 0 224 591 560 396 0 629 0 0 0 597 0 0 140 792 803 0 278 637 0 573 876 797 648 0 0 445 0 0 817 517 41 0 734 678 0 654 0 0 0 1 0 0 918 0 0 0 0 0 565 530 0 0 521 441 0 0 53 0 0 0 0 0 0 0 0 364 800 0 0 552 873 646 732 0 245 0 0 0 853 0 0 0 0 0 0 0 0 1 0 0 736 0 0 0 0 0 0 0 439 0 0 0 630 0 641 0 215 0 0 647 0 0 487 243 0 0 0 0 943 585 874 0 0 176 240 0 0 753 310 0 0 0 0 147 0 735 0 0 0 0 651 0 0 512 152 0 0 0 0 0 0 632 0 0 0 0 215 359 1 0 0 547 0 0 0
596 0 508 529 495 817 636 748 0 747 0 870 496 484 0 0 818 717 0 676 384 562 0 0 0 674 0 0 344 844 510 0 509 0 651 738 226 760 335 0 147 759 729 263 924 559 578 430 622 642 0 592 0 0 0 281 0 586 215 0 0 264 720 0 0 0 0 271 0 372 575 449 226 565 0 0 1 0 208 0 394 418 0 751 0 0 401 0 0 756 0 0 0 603 0 0 742 0 132 0 771 0 0 609 0 540 232 146 638 420 1 0 0 316 0 0 517 930 0 0 0 0 0 608 0 0 830 833 0 0 0 0 0 0 0 0 0 750 0 0 0 0 0 0 0 0 567 0 576 638 0 0 891 555 0 627 557 0 533 372 0 0 0 726 124 0 707 0 947 0 0 0 0 741 729 0 255 0 0 0 0 0 0 0 0 930 0 322 865 0 0 0 0 585 0 600 532 0 733 858 892 0 792 0 868 0 0 0 0
368 0 0 404 0 166 560 0 747 0 0 608 0 0 480 0 0 0 0 0 0 479 342 0 0 0 0 543 505 299 0 0 0 671 0 0 587 0 787 0 0 0 0 0 0 0 584 895 528 525 0 536 0 0 501 530 0 0 577 218 0 669 0 564 0 0 0 0 554 0 521 0 570 0 0 0 0 0 698 504 0 569 0 0 0 0 0 519 0 270 0 842 549 608 150 0 0 823 654 0 0 368 260 577 300 0 731 0 0 0 702 0 30 0 253 482 0 0 0 334 0 0 464 0 0 0 0 0 0 300 455 0 0 210 422 586 0 0 0 0 0 186 798 0 0 0 517 0 504 623 0 755 0 504 150 439 660 859 304 415 154 209 484 0 614 0 0 0 0 0 0 0 0 0 0 0 0 0 0 0 373 0 560 0 0 0 0 0 0 0 884 0 0 0 0 0 0 0 0 0 0 0 0 0 0 0 697 0 0
0 507 818 0 0 0 870 443 0 0 0 903 0 0 0 0 0 412 717 0 877 920 0 336 0 0 0 870 837 0 0 839 0 0 865 0 0 0 579 574 0 462 414 0 535 0 798 525 892 0 0 871 0 647 0 0 0 0 0 0 0 0 391 0 0 720 0 719 0 521 876 589 0 0 0 751 0 640 618 0 634 779 0 377 344 0 0 0 0 0 699 0 848 782 0 0 0 533 660 0 460 0 0 852 0 723 589 645 1 540 613 0 0 608 0 919 942 0 496 0 845 0 847 219 0 870 478 499 0 0 944 416 0 0 0 844 0 0 0 0 0 0 843 0 0 0 0 0 0 817 474 0 0 0 0 0 753 690 0 905 0 0 0 0 703 475 0 0 0 1 715 0 648 0 405 908 0 0 0 947 940 0 0 0 0 0 0 0 486 0 0 923 0 898 0 900 0 0 425 0 448 618 420 186 0 0 628 364 0
0 0 0 472 574 752 279 0 870 608 903 0 0 443 234 0 770 527 0 284 630 356 455 674 0 0 0 325 0 874 0 223 580 668 0 510 785 0 570 0 844 491 0 925 0 0 0 0 304 0 489 0 594 596 0 0 489 0 753 555 736 637 0 0 406 0 277 649 0 575 353 0 741 0 492 0 834 699 692 0 518 497 0 576 593 0 0 0 0 0 396 542 0 300 685 0 163 559 0 792 0 568 0 0 0 0 0 0 0 0 0 0 0 589 0 0 0 380 568 0 0 515 701 0 679 0 496 473 1 0 0 547 218 524 498 0 0 0 617 0 0 0 231 491 322 644 0 615 0 264 0 0 0 0 614 0 334 0 598 0 0 731 0 206 0 0 636 0 0 0 456 0 0 0 0 0 722 583 861 0 0 563 0 0 0 0 534 0 510 594 0 0 0 338 0 336 503 225 0 0 0 525 545 0 728 599 0 0 0
264 317 0 225 0 0 0 573 496 0 0 0 0 207 0 179 750 569 469 198 0 172 288 0 0 849 0 0 0 863 396 215 340 298 0 0 0 573 270 0 469 567 581 560 745 0 0 0 166 193 0 0 261 228 383 327 0 294 0 413 0 262 0 0 0 0 0 0 1 0 0 0 369 1 572 0 420 347 0 0 201 0 570 637 0 347 0 0 223 803 0 287 138 139 0 0 0 264 0 0 582 299 807 0 0 129 314 560 0 269 0 0 657 202 0 226 0 0 0 0 0 459 344 650 0 0 633 0 0 0 0 639 264 612 220 173 214 0 0 730 0 0 0 391 168 0 0 258 0 176 0 0 0 133 0 0 0 444 0 0 507 769 511 0 0 0 0 685 749 0 0 211 0 574 0 0 0 587 0 0 360 444 0 932 0 0 0 0 670 298 0 0 0 131 635 0 0 0 573 0 754 0 0 893 772 269 0 0 0
440 0 247 404 0 911 290 0 484 0 0 443 207 0 419 0 927 0 0 326 449 0 0 0 391 0 0 273 0 0 0 0 0 0 257 413 0 419 0 0 0 419 418 638 604 0 0 0 308 0 0 288 0 0 0 0 0 449 447 590 0 0 452 0 0 0 0 336 266 163 277 0 0 0 418 0 428 0 0 0 130 0 412 0 0 0 0 699 400 0 1 134 295 0 710 291 0 0 498 923 0 464 0 0 0 138 285 0 697 1 0 0 834 0 580 370 0 0 625 476 274 646 463 0 0 351 487 476 367 757 0 0 0 747 0 0 0 0 0 0 577 0 570 0 0 0 296 0 311 0 0 0 0 306 831 384 0 0 0 0 684 945 593 0 0 474 731 0 621 0 0 0 0 0 0 0 0 0 949 0 520 648 0 0 392 0 510 0 482 180 0 0 891 286 523 0 0 268 0 573 0 693 486 0 948 207 0 0 572
0 0 270 278 372 603 0 0 0 480 0 234 0 419 0 0 0 0 0 169 443 0 0 0 717 0 223 0 0 0 0 0 407 555 0 652 0 638 0 0 0 0 0 737 743 215 0 0 0 133 673 213 0 0 0 0 711 0 589 355 0 517 0 189 331 0 1 0 0 540 200 451 0 0 640 0 664 0 575 238 0 306 647 0 720 476 497 759 0 722 0 0 193 216 534 0 0 524 0 0 642 0 0 0 0 0 0 0 0 0 741 0 0 523 287 0 0 573 0 0 217 0 500 818 0 0 666 0 0 636 130 0 1 0 0 176 0 0 775 0 0 600 432 294 0 584 0 445 198 0 0 0 874 0 0 157 277 411 395 0 0 0 677 1 0 660 455 690 765 924 353 0 0 643 0 0 552 0 696 293 0 0 0 0 0 0 330 0 689 550 0 0 607 0 630 174 351 0 0 767 0 728 705 0 642 0 600 662 0
362 0 0 0 0 0 320 0 0 0 0 0 179 0 0 0 802 0 354 0 0 0 378 746 0 766 254 0 0 874 0 357 408 150 0 0 0 591 0 573 0 591 587 0 778 0 259 0 304 0 714 0 135 0 0 243 0 0 0 477 752 0 560 288 0 0 0 0 263 0 272 0 264 0 563 256 0 0 174 246 126 0 0 0 582 0 365 0 363 820 195 0 268 0 0 0 0 194 0 0 602 326 890 309 879 0 0 429 735 225 369 0 0 0 0 370 273 0 799 351 254 0 0 590 0 0 660 0 0 0 324 0 0 0 275 319 285 0 688 0 423 656 0 479 311 941 266 0 279 316 0 0 0 275 0 348 0 0 393 457 0 842 0 0 371 0 0 722 0 0 136 0 0 0 586 284 262 595 800 303 350 0 0 0 399 0 393 0 0 192 0 0 759 0 0 0 318 0 0 741 766 0 0 0 846 0 210 0 0
0 0 0 0 0 0 710 0 818 0 0 770 750 927 0 802 0 0 669 0 564 631 494 0 0 0 666 695 526 0 417 765 0 0 723 0 0 0 923 0 0 0 0 0 0 0 736 0 679 653 0 688 0 0 561 642 0 0 674 363 0 811 0 716 396 929 0 0 0 0 679 937 0 0 0 0 786 0 813 656 889 0 0 0 0 538 0 0 0 152 852 0 725 760 0 0 0 0 717 56 0 0 162 0 292 0 0 0 0 0 766 446 0 891 400 0 573 0 0 486 0 333 0 0 171 616 0 0 766 332 0 0 664 0 569 736 584 0 0 0 784 246 844 394 659 328 0 636 0 772 0 604 282 656 187 579 0 0 0 477 273 0 0 683 675 0 226 0 0 0 0 578 0 0 0 0 647 0 178 0 493 0 413 0 620 0 449 0 0 0 732 0 1 0 0 0 512 784 0 0 0 0 0 0 1 875 0 0 0
0 0 606 725 0 0 572 1 717 0 412 527 569 0 0 0 0 0 791 546 816 667 810 0 123 398 641 0 0 0 917 521 883 0 0 0 825 0 0 0 0 0 43 0 0 0 0 0 0 638 206 610 0 578 0 0 162 0 0 942 264 0 0 0 0 0 0 0 0 423 0 366 777 0 0 463 665 0 615 0 0 0 1 1 1 854 0 0 0 0 0 390 570 0 0 659 539 0 810 0 1 0 0 564 0 474 584 832 429 397 0 0 0 0 886 0 0 0 0 0 0 0 830 197 0 722 0 0 500 0 710 1 0 0 0 0 0 0 0 0 828 0 0 900 0 0 0 0 0 517 0 0 0 607 0 692 494 310 0 0 0 0 0 600 0 0 0 0 0 0 526 0 344 1 0 0 787 0 0 737 852 0 0 0 0 0 871 494 180 0 0 0 0 0 199 638 809 502 47 0 231 0 1 566 0 0 665 0 0
524 564 466 0 0 667 593 860 0 0 717 0 469 0 0 354 669 791 0 0 269 526 0 946 0 797 0 555 0 691 371 652 0 0 611 852 1 0 397 0 0 866 843 0 0 516 0 0 570 580 0 542 376 319 0 0 0 0 0 0 916 0 0 0 0 0 0 0 532 447 0 491 0 0 0 575 156 196 240 0 430 0 0 872 0 249 0 212 0 0 0 0 566 0 0 295 0 0 0 0 868 0 0 0 866 0 0 0 766 538 0 791 0 353 597 602 0 0 0 0 522 0 0 753 0 0 0 0 755 368 531 0 666 0 0 0 420 0 0 0 0 0 0 535 0 935 510 259 515 615 0 0 0 494 0 546 560 895 0 222 535 0 120 673 1 951 0 0 0 749 0 401 0 895 850 501 151 785 608 463 0 490 905 773 628 829 0 378 0 0 0 0 621 534 0 0 0 0 847 0 0 0 0 704 745 330 0 843 0
243 0 198 0 0 709 1 580 676 0 0 284 198 326 169 0 0 546 0 0 416 0 0 0 0 922 0 1 0 813 438 1 383 480 0 0 0 574 439 0 0 575 0 662 0 153 0 0 0 0 0 1 435 0 0 0 658 0 0 0 826 444 619 1 0 0 0 0 0 0 138 0 0 151 575 0 599 0 501 186 0 290 0 0 645 0 486 0 0 785 0 452 0 123 0 374 0 431 673 711 0 0 0 0 0 0 0 728 944 410 0 0 609 418 0 0 247 583 723 0 0 0 0 746 568 298 612 553 165 0 153 642 0 504 0 0 0 570 0 717 739 0 444 0 1 0 0 0 145 0 0 0 0 165 563 179 0 0 405 619 472 698 649 0 668 604 514 0 698 0 0 279 0 0 609 0 508 0 758 0 446 0 0 903 1 0 347 0 0 0 0 0 674 0 594 0 0 0 0 715 726 715 0 0 688 0 0 0 825
255 0 281 0 158 0 0 0 384 0 877 630 0 449 443 0 564 816 269 416 0 304 0 0 0 0 0 330 0 653 0 459 159 0 0 824 0 0 392 0 0 831 0 326 0 0 321 476 0 360 0 336 368 0 0 133 0 240 0 276 0 262 0 365 550 0 0 191 334 0 312 0 0 0 0 426 0 267 299 264 373 238 824 878 0 1 120 0 337 572 390 466 370 393 333 0 0 440 0 560 0 125 669 0 693 401 322 372 0 0 311 861 480 0 367 376 201 0 0 136 351 366 0 830 434 151 0 0 0 338 0 0 0 550 164 0 0 822 936 0 412 378 830 310 0 763 0 0 0 0 0 0 0 283 0 315 0 0 0 242 0 614 265 0 0 0 392 0 0 0 327 0 0 830 835 282 0 808 0 211 0 287 934 0 0 693 206 360 0 0 0 0 517 0 916 0 0 469 823 0 0 0 898 0 619 343 0 825 917
0 0 0 152 267 614 0 0 562 479 920 356 172 0 0 0 631 667 526 0 304 0 173 0 0 0 0 0 630 0 329 200 273 0 0 665 475 659 366 0 535 0 0 0 0 0 135 0 0 0 732 1 398 351 0 0 751 161 0 328 899 0 694 1 400 0 0 354 0 434 0 360 441 172 0 237 516 425 0 0 0 212 660 735 0 0 0 0 1 0 254 428 127 162 0 271 0 0 0 642 666 0 672 139 655 0 0 0 0 0 0 0 540 372 281 1 177 0 826 0 0 0 0 0 494 205 0 686 277 562 54 727 165 0 0 0 0 0 0 0 0 0 577 0 1 0 0 297 0 186 0 0 887 1 522 1 188 0 255 0 393 0 539 180 0 0 439 746 0 863 219 165 0 0 0 55 0 701 0 1 332 348 0 835 0 0 0 0 740 439 0 0 0 1 0 1 192 0 667 0 824 827 731 0 0 0 431 672 0
0 590 0 0 0 477 266 805 0 342 0 455 288 0 0 378 494 810 0 0 0 173 0 0 0 0 203 0 538 0 205 0 0 0 0 808 426 0 0 0 0 795 814 491 943 248 0 542 0 0 0 231 483 414 364 0 0 0 0 162 0 0 836 262 333 0 0 369 246 537 213 480 0 0 0 377 521 0 466 0 475 277 0 878 897 0 0 0 0 589 384 540 0 0 299 0 351 0 547 503 809 159 0 0 531 0 0 597 0 523 577 891 401 0 0 0 0 780 0 0 246 203 0 909 354 0 848 794 0 0 0 870 0 374 140 253 125 796 936 957 0 0 0 134 0 594 0 0 195 304 0 0 0 193 386 0 0 0 0 0 0 511 471 0 524 0 0 885 0 0 0 143 0 0 829 0 0 840 535 1 240 230 0 694 0 0 1 454 878 0 0 0 462 228 833 203 1 354 0 950 0 0 878 0 515 464 458 0 0
0 0 799 958 0 0 0 0 0 0 336 674 0 0 0 746 0 0 946 0 0 0 0 0 239 0 0 823 0 0 0 708 0 0 755 226 0 234 636 0 0 233 0 0 212 787 0 0 805 828 225 0 0 0 0 0 167 0 921 0 1 0 198 0 0 629 0 849 788 598 821 561 0 0 0 657 0 0 771 848 651 818 229 156 194 0 0 0 0 0 663 558 763 0 0 833 0 0 0 0 229 0 0 777 0 0 728 910 322 0 0 0 0 714 0 844 925 0 191 0 790 0 0 227 0 940 0 0 0 0 881 166 788 0 0 745 0 239 0 208 0 0 0 0 827 0 0 0 839 0 168 0 0 0 0 894 683 463 0 0 0 0 0 0 948 212 0 209 214 265 715 0 343 230 0 864 0 215 0 931 0 0 0 0 858 0 0 664 0 0 0 886 0 806 247 782 0 0 0 123 0 0 165 456 0 0 0 219 0
0 0 606 765 0 0 607 159 0 0 0 0 0 391 717 0 0 123 0 0 0 0 0 239 0 345 0 620 0 0 919 0 869 0 596 0 764 144 0 0 730 172 0 871 0 604 0 0 637 0 0 0 452 534 797 0 236 0 0 0 0 567 0 599 0 837 0 641 0 374 0 387 0 0 0 0 635 596 0 649 0 0 153 142 0 0 0 0 0 0 0 0 590 555 0 624 0 376 734 0 182 823 0 0 0 480 525 729 0 360 690 0 0 0 959 688 0 0 0 837 0 0 789 0 0 0 0 240 575 0 707 0 0 0 0 593 753 0 0 0 699 0 0 920 0 0 645 713 658 545 0 0 0 0 0 724 501 386 868 0 0 0 0 0 771 0 0 287 0 0 0 0 433 0 128 681 727 0 0 0 856 0 0 0 0 0 871 0 261 0 0 0 0 628 278 619 807 0 140 0 275 0 0 493 0 478 604 0 229
0 0 889 0 0 0 0 422 674 0 0 0 849 0 0 766 0 398 797 922 0 0 0 0 345 0 940 0 939 0 0 872 0 720 0 413 866 433 0 0 792 431 395 854 0 0 859 594 913 0 439 929 662 740 917 0 0 0 0 0 200 751 0 0 0 623 0 820 943 0 0 0 0 844 431 0 722 0 720 945 0 864 419 0 334 0 0 0 0 0 759 0 0 0 0 838 0 610 0 0 0 0 0 0 0 778 689 751 1 0 0 0 0 0 0 0 0 0 419 0 0 0 953 236 0 958 0 457 0 0 0 0 0 0 0 0 0 0 311 0 693 0 834 0 0 0 941 0 929 857 394 0 0 950 0 0 824 675 0 0 0 0 903 959 785 461 0 450 445 142 806 0 0 0 385 0 874 352 0 0 0 0 0 0 0 0 0 666 431 0 0 0 0 929 0 0 0 852 0 0 0 0 0 0 0 0 0 0 0
135 406 1 0 0 0 134 639 0 0 0 0 0 0 223 254 666 641 0 0 0 0 203 0 0 940 0 0 613 0 335 199 0 0 0 0 429 637 325 0 0 0 0 0 0 1 0 0 1 120 0 0 0 300 0 341 0 0 0 332 868 0 666 0 0 0 165 311 0 362 0 315 393 0 0 0 472 379 0 0 292 164 0 708 681 0 0 611 0 730 212 379 0 161 465 245 250 0 500 676 0 0 716 138 0 0 382 594 935 362 551 0 574 0 0 0 128 0 816 240 0 0 337 738 0 0 690 671 298 0 0 0 206 0 174 0 0 630 767 0 0 0 0 0 1 0 48 265 56 179 0 0 920 0 566 151 180 452 304 538 0 677 0 0 0 0 457 0 795 829 188 0 0 0 0 1 0 667 0 0 325 375 0 883 0 0 261 0 724 0 0 0 634 0 0 0 202 0 642 790 817 831 0 0 0 0 0 646 0
190 394 0 214 330 677 1 595 0 543 870 325 0 273 0 0 695 0 555 1 330 0 0 823 620 0 0 0 0 0 0 140 305 0 1 598 0 591 380 494 0 0 610 640 740 0 0 0 0 1 0 0 373 341 452 0 684 222 467 372 833 0 627 0 0 0 130 398 0 396 1 313 455 1 592 0 0 0 429 0 307 0 594 690 612 400 427 719 0 0 0 382 1 1 0 300 185 0 0 707 0 308 728 0 672 178 429 0 919 0 608 0 0 0 0 1 226 0 0 0 1 392 0 719 560 0 0 0 0 0 0 0 0 0 0 0 0 0 726 0 0 609 0 331 1 0 1 329 0 0 0 0 0 1 0 134 0 0 0 0 0 698 0 0 565 629 0 0 0 817 203 219 0 0 619 0 436 636 745 0 388 415 0 900 0 799 0 304 0 0 0 0 667 52 628 0 262 157 0 0 757 0 0 0 0 366 0 605 0
571 0 0 0 416 529 717 0 344 505 837 0 0 0 0 0 526 0 0 0 0 630 538 0 0 939 613 0 0 538 402 784 415 454 0 0 247 0 0 0 0 0 0 0 0 0 0 0 0 0 0 0 0 505 0 326 0 0 292 0 0 460 0 0 753 0 0 404 660 0 0 671 0 702 0 0 0 0 434 0 618 0 0 0 0 0 289 47 672 446 0 0 0 0 398 0 830 617 0 0 0 0 657 0 752 0 477 0 0 679 290 598 0 0 599 697 0 0 0 0 0 553 328 0 0 0 0 0 878 0 625 0 0 0 487 0 508 0 0 0 290 0 0 0 700 813 630 374 0 756 0 0 582 610 620 637 718 0 0 160 0 603 146 778 0 0 480 0 0 0 608 494 0 0 0 609 0 0 437 550 0 0 0 550 716 0 463 0 0 620 819 954 539 0 0 0 0 795 0 0 0 0 0 0 608 546 0 0 0
636 0 0 715 568 179 828 0 844 299 0 874 863 0 0 874 0 0 691 813 653 0 0 0 0 0 0 0 538 0 514 883 562 0 840 0 718 0 0 0 744 0 0 0 0 0 853 0 0 0 0 805 0 0 0 0 0 624 0 480 0 877 0 799 498 0 744 792 0 0 790 0 0 890 0 955 0 858 885 770 0 0 0 0 0 621 572 0 730 145 0 0 842 0 360 813 0 0 0 136 0 0 0 0 316 950 948 0 0 0 793 329 188 0 0 744 0 0 0 0 823 452 654 0 285 0 0 0 859 0 725 0 0 0 0 875 0 0 0 0 792 0 954 0 0 0 786 725 773 0 0 0 0 772 0 0 926 0 540 484 0 176 620 800 698 0 0 0 0 0 0 0 0 0 0 0 0 0 0 0 580 0 312 0 739 122 0 0 0 0 0 580 178 0 0 776 622 902 0 0 0 0 0 0 0 0 0 0 0
0 0 0 211 1 405 0 0 510 0 0 0 396 0 0 0 417 917 371 438 0 329 205 0 919 0 335 0 402 514 0 488 0 0 447 0 316 0 483 885 0 0 0 378 0 0 0 0 0 379 0 381 0 475 0 0 0 0 0 0 0 0 958 397 0 0 0 317 389 0 358 0 320 0 0 497 0 0 437 347 0 0 936 0 0 166 0 0 0 0 494 0 0 0 0 333 0 580 433 396 0 0 0 437 548 0 0 434 0 0 0 0 0 0 265 0 240 950 0 128 384 0 0 0 254 240 0 0 0 0 0 0 0 0 0 0 0 931 0 0 486 255 0 0 0 0 309 251 0 483 0 0 639 0 397 315 0 0 30 0 0 0 325 461 400 0 242 0 0 0 439 0 0 920 0 0 291 941 0 246 0 152 795 0 0 547 126 501 0 576 0 0 372 0 0 0 168 0 0 0 0 0 0 0 0 0 0 942 0
0 0 217 322 0 747 0 0 0 0 839 223 215 0 0 357 765 521 652 1 459 200 0 708 0 872 199 140 784 883 488 0 443 426 1 0 598 0 0 0 652 505 528 0 637 0 137 0 139 0 564 0 0 0 555 0 0 327 563 0 0 444 0 0 0 0 0 0 155 419 178 0 552 133 504 0 605 0 519 0 338 0 0 0 575 0 0 785 190 846 0 0 0 1 0 0 0 395 691 0 0 0 0 0 0 180 0 745 0 368 0 0 0 403 0 0 299 0 0 0 164 0 0 667 603 0 543 0 135 720 215 572 0 557 0 1 0 0 658 652 747 0 0 0 162 730 0 0 192 0 0 0 0 208 630 0 0 0 466 668 564 770 662 120 682 0 585 579 634 0 252 0 0 508 0 215 536 570 0 284 498 506 0 0 174 852 411 371 0 0 0 0 745 136 0 0 362 0 509 645 658 655 574 0 755 0 504 523 0
0 0 305 153 37 447 0 883 509 0 0 580 340 0 407 408 0 883 0 383 159 273 0 0 869 0 0 305 415 562 0 443 0 412 0 0 0 0 0 792 0 0 890 0 0 327 0 0 334 0 0 324 0 0 0 0 0 158 0 147 0 380 936 0 0 0 334 0 332 0 0 521 314 400 0 452 440 0 0 262 460 0 0 0 909 162 159 0 300 0 0 558 364 0 0 0 0 536 0 461 0 0 0 0 0 0 438 0 0 544 0 814 362 437 0 0 0 0 0 1 324 0 204 933 0 189 0 921 514 308 0 0 0 0 150 0 155 0 0 0 0 0 0 0 311 635 0 197 285 426 0 0 691 0 0 0 428 716 0 281 0 0 350 409 0 928 273 0 0 0 386 0 0 884 899 259 0 891 471 189 120 173 840 637 0 0 1 457 0 535 0 0 0 318 0 302 0 0 0 0 0 0 0 0 504 0 0 887 0
0 325 0 0 409 0 438 0 0 671 0 668 298 0 555 150 0 0 0 480 0 0 0 0 0 720 0 0 454 0 0 426 412 0 452 0 244 642 167 690 242 642 625 378 828 0 0 271 430 0 0 398 145 0 0 0 742 0 0 528 0 0 612 403 0 0 525 129 0 231 0 266 0 0 0 372 164 0 0 0 203 230 629 663 0 311 357 443 472 0 308 0 0 402 591 145 540 199 0 811 628 0 928 429 0 0 0 0 678 0 254 0 0 0 0 0 357 776 848 403 371 0 0 578 0 297 0 0 0 0 429 687 530 0 0 0 0 0 712 0 305 616 828 546 0 0 378 221 389 436 782 0 0 370 0 451 0 0 426 0 0 874 0 530 290 702 0 731 891 0 255 0 0 0 0 0 0 573 790 0 0 554 0 0 0 949 447 0 755 0 0 0 0 392 743 0 0 0 623 0 810 0 0 682 0 122 0 0 664
0 389 0 0 384 0 0 556 651 0 865 0 0 257 0 0 723 0 611 0 0 0 0 755 596 0 0 1 0 840 447 1 0 452 0 555 0 552 405 0 0 0 0 699 690 0 0 385 1 1 616 1 0 382 507 462 0 0 523 0 793 0 0 1 0 0 0 0 1 0 128 0 0 1 552 0 561 477 474 176 331 0 0 632 0 0 495 736 0 0 0 0 0 1 593 0 0 396 654 0 0 0 0 53 672 0 430 0 0 374 0 0 635 0 0 0 0 0 0 303 0 0 452 701 0 290 594 0 154 0 0 620 0 527 0 47 0 547 688 705 0 656 454 0 0 714 0 387 0 1 695 0 0 157 595 170 148 0 377 0 0 0 639 0 651 585 538 0 686 804 234 0 625 0 583 163 493 610 0 0 0 431 0 0 0 0 359 0 624 0 0 0 0 1 579 0 309 1 564 696 710 0 0 0 0 0 506 569 794
780 0 0 766 876 0 576 43 738 0 0 510 0 413 652 0 0 0 852 0 824 665 808 226 0 413 0 598 0 0 0 0 0 0 555 0 840 58 493 172 0 56 0 0 232 0 562 390 610 633 0 0 0 0 861 0 0 795 0 0 0 631 0 576 0 800 654 0 569 438 639 0 792 526 0 463 725 675 0 0 0 0 0 1 1 0 0 0 715 0 475 404 567 0 0 669 528 0 830 0 1 0 0 559 0 0 0 0 0 410 0 0 0 0 879 0 0 249 0 0 595 948 840 246 0 0 0 0 0 0 0 1 611 0 0 549 754 52 158 0 807 0 451 0 0 0 0 757 0 0 0 0 0 633 0 699 0 0 0 0 0 0 0 592 0 1 0 221 0 0 0 753 335 0 0 0 0 134 0 0 0 0 0 0 0 0 0 0 0 0 0 0 0 0 0 635 810 495 37 190 0 0 0 597 0 0 0 43 0
0 547 385 401 0 636 536 0 226 587 0 785 0 0 0 0 0 825 1 0 0 475 426 0 764 866 429 0 247 718 316 598 0 244 0 840 0 857 381 0 1 0 0 0 0 461 490 484 0 0 0 484 357 289 0 124 0 417 0 0 0 0 837 507 718 0 0 188 0 0 472 469 0 0 855 0 0 0 0 415 402 0 843 0 0 239 206 0 0 0 0 0 0 0 0 248 0 0 0 0 0 279 766 0 823 0 271 0 809 466 189 792 577 330 537 540 0 0 0 0 466 0 0 768 539 346 929 0 0 0 0 900 607 699 0 0 342 846 921 0 0 0 0 476 495 0 0 200 456 0 0 0 774 435 0 0 0 0 0 0 485 0 0 615 131 0 0 0 0 780 410 0 0 0 0 442 1 789 591 401 234 0 0 0 0 0 0 373 0 413 0 0 0 477 0 480 0 603 0 0 0 0 0 758 0 333 0 0 0
0 341 643 0 876 0 548 0 760 0 0 0 573 419 638 591 0 0 0 574 0 659 0 234 144 433 637 591 0 0 0 0 0 642 552 58 857 0 506 0 839 32 0 0 202 566 558 403 0 0 0 0 0 0 862 802 0 0 0 933 286 645 0 570 0 0 0 671 0 0 0 0 807 0 0 0 0 686 660 653 507 643 0 1 144 0 0 0 663 0 455 418 561 527 0 0 514 0 851 0 0 0 0 567 0 0 0 0 429 0 811 0 0 0 866 640 732 0 238 0 0 937 0 0 0 0 0 0 0 0 0 0 0 0 762 0 753 0 0 0 0 0 0 0 0 0 628 765 0 505 215 0 0 0 0 691 486 272 0 0 0 0 0 0 885 1 0 167 0 373 0 0 297 0 1 664 0 0 0 733 0 0 0 0 0 0 0 0 143 0 0 0 0 0 159 0 0 0 0 186 211 0 0 609 0 555 0 0 0
482 237 303 425 492 912 398 0 335 787 579 570 270 0 0 0 923 0 397 439 392 366 0 636 0 0 325 380 0 0 483 0 0 167 405 493 381 506 0 530 0 0 0 513 0 334 0 0 403 0 0 0 55 0 390 333 0 484 335 0 0 0 491 370 0 0 479 0 0 0 0 155 0 0 503 252 244 211 199 0 1 254 493 0 0 423 473 0 444 0 211 0 365 348 0 233 0 1 398 0 517 0 0 384 0 263 146 0 612 1 0 0 0 1 0 465 395 0 713 0 346 671 392 427 796 347 0 0 508 0 432 0 493 840 0 0 408 496 551 722 374 0 719 602 407 0 368 321 0 373 0 0 0 368 872 456 0 0 495 543 694 0 0 486 423 565 0 0 680 0 207 393 0 502 494 392 0 450 0 0 464 0 0 0 528 0 0 1 0 1 0 0 0 0 0 0 458 0 0 0 676 0 0 0 0 1 0 0 564
0 366 560 0 795 0 492 160 0 0 574 0 0 0 0 573 0 0 0 0 0 0 0 0 0 0 0 494 0 0 885 0 792 690 0 172 0 0 530 0 844 149 190 0 282 0 497 0 519 0 174 490 0 0 875 0 199 0 815 855 391 657 213 0 0 0 0 0 0 483 0 0 0 0 0 410 785 709 0 595 0 615 0 0 0 0 894 0 581 0 0 443 494 0 0 705 0 432 895 0 0 793 0 476 0 433 0 931 586 0 860 0 0 0 771 0 0 0 254 787 530 0 0 0 0 691 0 141 0 0 606 0 0 0 711 467 0 0 0 0 873 0 316 0 584 0 0 0 573 433 252 0 0 0 0 613 435 162 0 0 928 0 0 485 0 149 0 188 249 491 487 701 0 155 0 0 820 274 0 0 862 897 0 0 0 0 0 529 0 520 0 0 0 0 0 559 747 0 179 0 266 337 199 0 0 573 729 185 460
0 0 468 0 0 701 596 829 147 0 0 844 469 0 0 0 0 0 0 0 0 535 0 0 730 792 0 0 0 744 0 652 0 242 0 0 1 839 0 844 0 789 814 0 0 534 0 0 575 588 0 0 0 304 0 194 931 499 0 491 0 258 0 566 0 0 626 226 535 0 526 478 137 0 836 586 0 199 0 480 414 376 823 0 0 273 289 238 0 650 0 462 568 0 510 0 711 0 1 688 0 382 0 593 899 535 259 122 733 0 0 0 0 335 609 0 443 0 0 422 525 607 0 0 0 376 912 910 756 405 542 0 0 0 413 606 0 0 848 0 0 0 0 561 561 0 516 269 522 0 0 0 799 501 749 546 554 846 0 0 566 0 0 0 0 0 0 0 0 714 0 416 0 834 0 0 163 753 642 436 0 0 0 0 638 0 0 380 0 0 0 0 0 0 946 0 0 654 816 0 0 0 882 675 0 0 0 814 0
775 340 0 0 876 0 568 0 759 0 462 491 567 419 0 591 0 0 866 575 831 0 795 233 172 431 0 0 0 0 0 505 0 642 0 56 0 32 0 149 789 0 1 0 0 0 587 0 603 625 0 602 0 603 0 817 136 790 0 0 0 644 0 0 867 0 0 713 589 444 0 0 0 0 0 461 0 0 660 0 0 0 49 1 143 871 0 0 667 0 0 394 562 0 0 678 532 0 0 0 42 842 0 0 0 0 0 875 0 0 810 0 0 589 867 0 0 0 0 884 592 938 0 271 0 774 0 0 491 0 678 1 0 0 763 542 753 0 0 247 0 0 0 887 0 0 629 765 0 0 229 0 0 0 0 668 487 0 907 0 0 0 0 0 0 0 0 0 190 0 0 753 0 0 0 0 814 159 0 0 0 0 0 0 0 0 868 518 144 0 0 0 0 606 134 630 809 485 0 0 211 0 1 607 0 554 0 1 319
0 0 637 775 885 0 0 1 729 0 414 0 581 418 0 587 0 43 843 0 0 0 814 0 0 395 0 610 0 0 0 528 890 625 0 0 0 0 0 190 814 1 0 0 0 603 573 390 0 646 0 619 0 592 0 789 0 0 793 951 257 0 54 0 933 0 0 0 0 436 637 0 790 0 1 0 0 667 0 0 488 644 0 0 0 892 0 0 0 0 0 404 579 0 0 0 544 434 0 0 0 0 0 569 0 485 0 0 0 410 0 0 0 584 893 664 0 0 0 0 606 0 886 231 0 736 131 0 0 0 0 1 0 0 0 0 0 0 147 0 795 0 0 0 644 0 0 760 655 0 0 0 0 0 0 711 520 311 0 0 0 0 0 0 859 0 0 0 253 0 538 761 333 1 0 0 0 0 0 0 0 0 0 0 0 0 0 507 167 467 0 0 0 622 177 0 820 0 0 0 0 0 0 566 0 0 679 36 281
543 0 0 524 411 597 0 0 263 0 0 925 560 638 737 0 0 0 0 662 326 0 491 0 871 854 0 640 0 0 378 0 0 378 699 0 0 0 513 0 0 0 0 0 0 0 0 618 0 0 0 626 492 0 0 270 0 0 224 0 0 0 948 651 780 0 684 0 0 0 0 612 0 0 0 680 265 333 0 0 0 0 0 0 916 292 0 1 648 0 606 600 0 0 0 398 795 570 163 576 0 0 728 680 815 0 398 0 815 0 0 675 0 469 613 672 0 0 0 0 0 0 0 840 0 441 0 0 0 0 0 0 740 727 0 0 483 0 0 0 0 381 0 550 0 0 592 0 0 698 0 943 689 0 0 0 663 0 0 0 0 672 1 750 125 0 0 0 0 0 561 0 0 0 0 0 0 890 0 0 331 0 837 647 695 0 462 514 0 0 0 0 550 618 0 0 0 0 956 0 0 0 0 0 0 0 315 954 0
0 0 776 922 0 0 709 224 924 0 535 0 745 604 743 778 0 0 0 0 0 0 943 212 0 0 0 740 0 0 0 637 0 828 690 232 0 202 0 282 0 0 0 0 0 736 715 0 754 760 1 752 0 0 0 0 1 0 0 0 0 832 237 0 900 0 766 0 743 0 774 617 0 0 0 626 922 0 845 809 0 0 229 206 0 0 0 0 794 0 0 605 0 0 0 0 651 0 0 0 0 0 0 0 0 0 793 0 0 610 0 0 0 0 0 726 893 204 52 0 0 0 0 360 0 915 0 0 0 0 0 174 0 0 928 0 915 0 0 0 0 0 0 0 768 0 783 950 791 0 0 958 0 807 0 0 0 380 0 0 0 0 0 0 0 0 0 0 0 420 0 0 185 0 0 0 0 0 0 0 0 0 0 0 0 0 0 0 0 0 916 857 0 757 0 776 0 0 198 0 0 168 0 616 0 741 883 0 347
0 366 0 219 0 0 1 591 559 0 0 0 0 0 215 0 0 0 516 153 0 0 248 787 604 0 1 0 0 0 0 0 327 0 0 0 461 566 334 0 534 0 603 0 736 0 1 0 1 124 0 1 0 0 0 412 0 0 428 379 0 0 0 0 478 0 0 325 0 357 1 0 0 0 589 0 0 0 384 0 0 173 0 0 0 0 0 0 156 777 0 347 1 1 0 0 0 343 0 720 0 293 743 0 706 154 0 0 890 0 565 0 0 0 0 157 175 0 750 287 0 411 371 697 572 0 642 649 269 602 0 642 197 0 211 1 197 583 720 767 0 605 547 346 0 0 0 279 0 0 750 0 0 0 0 0 0 0 0 534 470 720 0 197 556 658 0 688 749 790 162 201 704 0 612 1 0 0 0 174 0 422 0 0 185 0 0 0 0 370 0 0 0 1 636 1 0 0 590 0 0 788 0 0 0 0 383 599 0
0 0 0 238 0 0 0 560 578 584 798 0 0 0 0 259 736 0 0 0 321 135 0 0 0 859 0 0 0 853 0 137 0 0 0 562 490 558 0 497 0 587 573 0 715 1 0 333 0 128 0 1 333 0 0 0 654 263 0 408 0 343 590 0 0 0 0 359 0 317 1 264 478 0 0 132 502 0 401 129 265 0 559 0 609 0 470 0 0 812 0 337 57 1 0 281 0 346 584 0 566 327 0 1 717 0 390 0 874 319 576 0 0 326 407 0 209 0 735 0 0 0 403 0 0 235 0 590 0 636 159 626 186 0 245 0 0 0 0 0 644 0 517 371 1 0 1 323 1 1 0 0 0 1 0 0 0 0 0 567 0 0 0 182 583 599 0 0 715 772 163 202 670 560 0 0 0 0 780 195 395 0 0 0 0 843 0 0 0 360 0 0 0 1 627 0 282 144 0 0 728 744 630 0 0 329 433 569 0
519 1 326 0 559 0 0 396 430 895 525 0 0 0 0 0 0 0 0 0 476 0 542 0 0 594 0 0 0 0 0 0 0 271 385 390 484 403 0 0 0 0 390 618 0 0 333 0 0 431 0 378 128 232 490 0 506 525 438 659 0 271 394 0 0 0 0 0 0 0 0 1 434 0 0 254 389 0 294 0 135 0 391 0 0 0 0 0 469 0 0 0 0 0 0 316 0 0 500 0 415 0 0 367 0 235 0 501 577 0 0 0 942 187 0 463 0 0 0 0 351 714 485 0 853 413 0 0 0 775 450 453 0 0 455 0 422 0 516 619 508 0 0 0 412 0 0 0 0 342 0 0 0 389 0 0 0 420 586 632 0 0 0 0 527 462 0 0 605 480 201 447 642 0 395 0 0 0 0 435 0 669 0 0 486 0 0 0 516 1 0 0 952 376 0 406 0 362 0 0 577 700 461 0 0 180 0 0 500
0 0 145 213 0 0 1 0 622 528 892 304 166 308 0 304 679 0 570 0 0 0 0 805 637 913 1 0 0 0 0 139 334 430 1 610 0 0 403 519 575 603 0 0 754 1 0 0 0 0 0 0 0 0 463 418 692 220 0 360 847 0 640 0 414 0 0 0 1 399 0 0 0 0 0 0 0 475 0 0 336 0 606 0 662 385 0 685 1 759 0 410 0 1 500 0 175 404 0 0 0 309 685 1 0 0 0 671 0 387 0 0 0 375 0 0 0 590 765 0 1 0 0 0 581 0 647 0 0 612 1 688 132 499 0 0 202 0 0 0 0 602 0 0 54 698 1 342 0 127 750 0 937 1 560 1 0 0 0 563 0 680 590 135 610 650 0 0 742 837 0 223 697 605 0 1 450 0 771 175 0 0 0 885 1 780 0 0 678 428 0 0 0 0 0 1 0 154 641 0 0 0 674 0 0 389 440 617 833
186 0 150 0 0 0 1 629 642 525 0 0 193 0 133 0 653 638 580 0 360 0 0 828 0 0 120 1 0 0 379 0 0 0 1 633 0 0 0 0 588 625 646 0 760 124 128 431 0 0 687 1 0 0 0 428 0 204 0 341 0 414 716 1 0 0 0 0 0 0 0 0 482 0 0 0 563 0 472 138 360 254 0 0 0 0 0 0 1 0 254 0 1 0 0 0 0 433 625 0 0 303 679 0 620 0 468 0 0 0 642 0 564 401 0 0 0 600 780 283 0 349 416 0 521 246 0 645 223 600 1 0 1 436 0 1 208 0 744 0 700 585 500 0 58 668 0 351 0 0 767 0 0 0 0 1 0 0 346 0 425 0 595 124 620 657 466 0 0 866 255 0 0 628 0 0 469 679 709 169 388 383 0 0 1 752 289 0 672 457 0 0 628 0 0 0 0 174 0 768 0 0 695 0 0 416 498 636 0
874 470 702 0 0 0 635 0 0 0 0 489 0 0 673 714 0 206 0 0 0 732 0 225 0 439 0 0 0 0 0 564 0 0 616 0 0 0 0 174 0 0 0 0 1 0 0 0 0 687 0 678 660 0 0 927 0 860 942 0 292 774 205 645 848 0 693 840 0 0 700 0 937 0 0 581 879 0 0 739 621 0 180 188 247 0 0 0 0 0 582 0 0 640 0 0 583 580 0 0 153 937 0 0 0 0 750 0 513 552 0 0 0 689 0 695 819 0 125 930 0 0 0 0 0 792 1 0 519 0 0 0 639 0 0 603 840 0 193 0 0 0 0 0 0 0 0 0 717 0 1 0 0 728 0 755 0 294 0 0 0 0 0 0 0 0 0 47 1 438 0 845 173 169 0 0 0 0 0 0 0 0 0 0 692 0 944 647 0 608 0 920 0 713 1 0 0 552 190 133 0 199 139 654 0 685 790 0 386
203 0 1 0 0 671 1 0 592 536 871 0 0 288 213 0 688 610 542 1 336 1 231 0 0 929 0 0 0 805 381 0 324 398 1 0 484 0 0 490 0 602 619 626 752 1 1 378 0 1 678 0 364 0 438 390 0 218 454 362 840 360 636 0 0 0 135 355 0 0 0 343 0 1 602 0 0 0 377 0 0 204 0 677 647 377 0 663 0 761 0 381 0 0 0 0 199 378 587 0 602 0 0 1 0 180 413 0 922 363 0 0 0 348 325 120 0 603 0 283 0 0 362 724 552 0 0 0 247 600 0 0 0 519 214 1 0 596 0 0 655 597 527 324 1 0 0 0 1 0 0 0 0 0 0 128 155 445 347 0 450 693 566 0 581 0 513 0 751 0 0 205 706 604 0 1 462 0 735 0 374 0 0 894 148 0 298 0 683 0 0 0 660 0 0 0 0 129 0 752 768 0 0 0 0 359 447 614 821
465 220 0 0 470 889 393 0 0 0 0 594 261 0 0 135 0 0 376 435 368 398 483 0 452 662 0 373 0 0 0 0 0 145 0 0 357 0 55 0 0 0 0 492 0 0 333 128 0 0 660 364 0 0 0 0 0 466 311 581 0 147 0 364 768 0 0 0 345 0 360 0 307 0 0 0 269 195 0 0 0 184 0 555 0 0 0 557 0 952 0 0 0 345 669 210 478 1 0 0 0 0 0 380 0 0 126 422 631 140 0 0 813 0 617 0 0 662 737 0 337 652 367 0 765 326 0 574 0 0 0 0 489 0 398 0 0 0 658 0 0 712 731 568 0 0 357 295 0 0 0 0 0 355 867 443 0 0 0 519 696 0 0 0 402 589 0 0 0 0 200 0 0 526 0 380 317 0 0 0 0 615 0 0 484 0 482 1 648 1 0 0 855 406 0 388 438 404 512 0 701 832 585 0 0 56 208 0 544
399 293 249 0 0 806 0 597 0 0 647 596 228 0 0 0 0 578 319 0 0 351 414 0 534 740 300 341 505 0 475 0 0 0 382 0 289 0 0 0 304 603 592 0 0 0 0 232 0 0 0 0 0 0 288 0 0 410 243 503 743 0 595 0 0 0 0 0 312 0 320 0 232 303 600 0 0 138 0 0 0 173 546 0 0 0 0 495 412 0 202 184 0 0 0 0 470 189 0 0 0 347 913 359 913 269 1 0 0 200 324 0 751 1 0 366 0 720 808 376 304 0 0 576 683 0 676 0 0 0 370 0 0 0 307 409 319 594 690 830 0 0 0 511 360 0 0 212 0 364 782 0 0 308 0 0 0 571 0 442 593 863 0 0 310 0 0 0 0 0 231 0 828 0 587 329 0 0 0 0 0 0 0 0 0 0 419 0 662 0 0 0 749 331 0 331 379 0 589 748 728 0 663 727 867 0 0 590 0
386 559 0 311 0 0 0 0 0 501 0 0 383 0 0 0 561 0 0 0 0 0 364 0 797 917 0 452 0 0 0 555 0 0 507 861 0 862 390 875 0 0 0 0 0 0 0 490 463 0 0 438 0 288 0 0 0 356 1 0 0 0 0 472 0 0 0 0 0 0 0 0 1 467 860 0 225 222 248 0 0 0 851 891 834 126 147 0 0 576 0 0 468 485 0 224 0 0 215 548 872 0 0 492 0 431 291 0 863 470 251 0 529 0 0 488 0 0 0 276 423 0 0 0 0 254 0 0 654 322 0 913 555 0 0 535 341 0 0 0 0 0 0 0 445 839 0 156 0 496 0 0 0 387 617 455 480 818 0 184 428 663 0 562 191 0 0 0 0 0 0 0 0 0 0 0 1 810 599 0 0 378 935 694 506 0 0 373 0 0 0 0 0 430 954 432 298 563 847 0 0 0 0 819 0 0 0 0 883
0 0 0 0 0 0 0 0 281 530 0 0 327 0 0 243 642 0 0 0 133 0 0 0 0 0 341 0 326 0 0 0 0 0 462 0 124 802 333 0 194 817 789 270 0 412 0 0 418 428 927 390 0 0 0 0 906 0 0 0 0 0 0 0 0 0 463 1 0 0 0 0 0 412 0 0 209 0 0 321 335 0 0 834 778 0 179 0 429 0 392 417 417 454 0 163 577 0 0 617 0 228 765 442 792 0 0 0 0 410 0 0 565 0 470 0 0 0 0 268 373 469 0 0 489 0 0 0 0 0 0 0 514 0 0 0 0 0 0 0 316 438 0 0 0 862 308 1 363 0 0 0 0 342 641 395 424 0 294 0 475 0 0 521 223 0 0 935 0 0 0 251 0 0 0 349 1 754 0 0 188 398 0 0 0 771 0 0 914 0 0 0 0 0 0 0 0 0 804 947 0 0 0 791 705 0 184 0 0
865 0 701 0 0 0 0 140 0 0 0 489 0 0 711 0 0 162 0 658 0 751 0 167 236 0 0 684 0 0 0 0 0 742 0 0 0 0 0 199 931 136 0 0 1 0 654 506 692 0 0 0 0 0 0 906 0 0 911 0 0 747 0 701 905 0 0 0 0 0 0 501 0 619 137 559 0 0 0 0 0 0 145 0 0 0 0 0 748 0 0 0 0 621 0 0 0 0 0 0 0 0 0 643 0 576 0 957 0 0 0 0 0 0 940 0 831 0 0 0 0 0 0 0 0 835 0 1 557 0 770 0 674 0 0 0 852 0 0 146 0 0 424 0 0 0 0 871 0 0 1 0 0 742 0 0 585 0 0 0 0 0 0 654 0 1 0 0 0 0 655 853 0 137 0 0 0 214 0 829 0 0 0 0 754 0 0 0 0 574 0 911 0 700 0 722 906 570 0 1 0 247 0 543 0 0 0 149 0
0 560 0 0 152 493 0 792 586 0 0 0 294 449 0 0 0 0 0 0 240 161 0 0 0 0 0 222 0 624 0 327 158 0 0 795 417 0 484 0 499 790 0 0 0 0 263 525 220 204 860 218 466 410 356 0 0 0 396 175 0 403 0 0 0 0 208 356 0 0 199 0 395 300 0 0 511 438 0 0 427 0 0 844 0 266 0 0 159 559 368 535 0 0 311 310 345 509 0 0 797 154 588 270 0 313 455 0 0 507 0 0 0 0 182 0 0 772 954 0 0 0 0 870 369 179 837 816 389 0 0 0 0 0 126 0 1 0 0 0 622 0 651 150 197 610 0 0 180 317 0 0 0 0 420 0 338 599 0 0 0 0 0 292 510 827 0 0 0 0 0 0 0 0 0 0 0 825 548 1 0 198 0 0 0 626 0 438 0 0 0 0 476 222 0 191 0 0 797 917 954 0 0 0 0 473 461 801 0
419 501 377 305 0 0 504 803 215 577 0 753 0 447 589 0 674 0 0 0 0 0 0 921 0 0 0 467 292 0 0 563 0 0 523 0 0 0 335 815 0 0 793 224 0 428 0 438 0 0 942 454 311 243 1 0 911 396 0 0 948 199 793 474 0 0 531 144 0 0 432 476 0 0 808 0 150 156 0 0 356 0 0 0 0 0 0 0 0 644 432 423 477 0 0 207 620 0 0 0 822 256 802 0 844 457 226 220 0 420 0 859 0 283 537 0 0 933 0 335 434 531 0 0 0 0 898 878 0 388 447 0 580 0 0 516 0 0 0 0 0 0 941 0 468 958 0 0 0 0 0 0 818 407 692 0 0 740 0 243 0 758 0 0 0 0 0 947 0 0 0 349 0 0 797 0 0 746 630 0 0 0 0 746 0 0 398 327 0 368 0 0 625 446 910 0 0 567 782 902 0 0 864 0 0 0 0 0 834
189 699 374 216 0 0 396 0 0 218 0 555 413 590 355 477 363 942 0 0 276 328 162 0 0 0 332 372 0 480 0 0 147 528 0 0 0 933 0 855 491 0 951 0 0 379 408 659 360 341 0 362 581 503 0 0 0 175 0 0 0 0 0 393 0 0 331 430 0 645 344 600 0 445 933 509 0 511 532 321 0 0 0 0 0 0 256 0 0 429 511 654 402 437 169 406 0 648 548 0 940 189 442 0 0 501 0 588 0 639 0 760 275 545 0 0 0 898 0 157 0 0 0 0 0 0 0 0 0 0 284 0 0 305 0 0 0 0 0 0 657 0 0 1 344 518 320 337 326 458 0 953 0 323 304 0 483 0 139 349 0 395 440 0 515 0 172 0 0 0 469 242 0 0 0 0 0 0 403 225 0 0 0 564 0 0 1 559 0 0 0 0 0 359 0 0 0 0 942 0 0 0 0 0 0 0 527 0 0
0 0 827 0 0 0 814 278 0 0 0 736 0 0 0 752 0 264 916 826 0 899 0 1 0 200 868 833 0 0 0 0 0 0 793 0 0 286 0 391 0 0 257 0 0 0 0 0 847 0 292 840 0 743 0 0 0 0 948 0 0 769 237 0 0 622 895 0 0 548 0 608 0 0 284 0 795 784 0 880 660 0 0 200 0 0 0 0 0 0 0 0 786 768 0 838 769 589 0 0 0 0 0 797 0 699 717 867 256 577 822 0 0 696 0 0 953 406 0 0 0 0 0 228 0 0 0 294 0 0 0 0 853 0 0 0 0 0 0 263 801 0 622 0 0 0 0 951 0 0 0 0 0 877 0 0 718 0 0 0 0 0 0 833 0 0 0 0 0 209 736 0 408 294 0 0 0 0 0 0 0 0 0 0 898 0 0 0 263 0 0 862 0 0 313 870 0 736 268 0 0 0 0 394 0 685 0 0 136
362 334 297 341 377 785 403 637 264 669 0 637 262 0 517 0 811 0 0 444 262 0 0 0 567 751 0 0 460 877 0 444 380 0 0 631 0 645 0 657 258 644 0 0 832 0 343 271 0 414 774 360 147 0 0 0 747 403 199 0 769 0 632 0 0 0 0 1 344 0 0 268 0 353 0 343 192 1 0 318 0 0 0 680 659 0 302 450 0 791 282 257 370 0 565 0 508 227 290 0 0 336 0 0 0 312 0 341 0 0 0 0 0 1 0 0 303 0 0 369 0 576 0 0 677 0 717 0 0 539 0 693 0 730 308 0 0 0 0 0 0 0 0 504 0 0 0 0 354 0 822 0 0 312 0 0 0 603 0 402 0 0 0 493 305 703 622 780 0 645 0 0 873 642 634 333 0 0 0 0 333 523 0 908 473 0 379 0 731 0 0 0 0 355 0 374 0 0 628 0 0 938 701 719 0 120 122 0 0
0 0 631 0 0 0 0 0 720 0 391 0 0 452 0 560 0 0 0 619 0 694 836 198 0 0 666 627 0 0 958 0 936 612 0 0 837 0 491 213 0 0 54 948 237 0 590 394 640 716 205 636 0 595 0 0 0 0 793 0 237 632 0 606 0 788 688 704 620 438 0 431 0 0 0 495 714 0 0 0 494 653 1 1 0 890 0 0 704 0 495 407 0 0 0 678 565 0 0 0 1 860 0 0 0 0 0 835 0 417 768 0 0 568 0 684 0 0 0 0 0 0 848 206 0 0 144 155 0 0 0 1 647 0 0 0 0 0 133 268 0 0 530 0 662 0 659 723 700 0 0 0 0 0 0 0 515 334 0 0 0 0 0 628 853 133 0 0 258 0 578 0 347 1 0 0 802 0 0 0 906 0 0 0 691 0 0 512 0 0 0 0 0 639 0 692 0 0 1 0 210 369 0 0 0 0 696 59 258
234 375 128 203 341 698 0 573 0 564 0 0 0 0 189 288 716 0 0 1 365 1 262 0 599 0 0 0 0 799 397 0 0 403 1 576 507 570 370 0 566 0 0 651 0 0 0 0 0 1 645 0 364 0 472 0 701 0 474 393 0 0 606 0 452 0 143 372 1 0 1 295 0 0 565 153 527 478 428 0 0 0 0 0 0 0 443 690 139 792 0 0 39 0 530 304 0 0 0 0 577 0 747 0 0 159 384 660 900 0 602 0 0 0 0 0 0 570 773 356 1 0 415 0 0 0 618 577 222 634 0 638 156 538 245 0 228 0 689 737 0 0 501 318 1 736 0 339 1 1 0 0 0 0 0 155 173 0 380 574 480 0 592 0 0 608 0 0 718 0 0 0 0 0 597 127 445 615 732 211 0 437 0 0 155 0 0 0 0 408 0 0 689 1 0 0 276 135 579 0 0 750 0 0 720 359 455 0 0
349 791 507 416 427 0 438 876 0 0 0 406 0 0 331 0 396 0 0 0 550 400 333 0 0 0 0 0 753 498 0 0 0 0 0 0 718 0 0 0 0 867 933 780 900 478 0 0 414 0 848 0 768 0 0 0 905 0 0 0 0 0 0 452 0 0 339 680 462 798 0 0 710 512 868 0 0 0 776 0 711 0 879 952 0 565 549 0 0 496 608 790 0 0 388 632 412 0 839 0 0 0 0 448 270 0 0 881 0 0 0 783 0 740 204 352 437 0 0 0 468 0 0 0 334 0 0 844 419 560 0 0 348 0 0 456 0 866 0 0 926 0 0 0 406 0 448 594 0 0 917 834 621 0 239 0 548 605 0 0 305 353 733 364 808 866 310 0 880 0 0 453 756 899 939 0 0 0 0 0 0 0 0 583 0 442 375 0 0 809 0 30 0 443 0 414 0 0 0 951 942 0 0 0 0 755 785 898 0
0 0 0 0 0 0 0 797 0 0 720 0 0 0 0 0 929 0 0 0 0 0 0 629 837 623 0 0 0 0 0 0 0 0 0 800 0 0 0 0 0 0 0 0 0 0 0 0 0 0 0 0 0 0 0 0 0 0 0 0 622 0 788 0 0 0 0 0 0 0 0 0 0 0 0 0 0 0 0 0 0 0 800 745 792 0 0 0 0 913 0 0 0 0 0 0 0 0 0 0 0 0 0 0 0 0 0 0 0 0 0 622 0 0 0 0 0 0 589 0 0 0 0 0 0 0 727 740 0 0 0 0 0 0 0 0 0 812 688 586 0 0 768 0 0 765 0 0 0 0 615 383 717 0 0 0 0 0 0 0 0 883 0 0 0 0 0 0 0 0 0 0 0 0 0 0 0 0 0 0 0 0 570 0 0 0 0 0 0 0 0 288 0 0 0 0 0 0 0 640 627 0 726 0 879 0 0 0 692
188 485 183 0 328 614 122 648 0 0 0 277 0 0 1 0 0 0 0 0 0 0 0 0 0 0 165 130 0 744 0 0 334 525 0 654 0 0 479 0 626 0 0 684 766 0 0 0 0 0 693 135 0 0 0 463 0 208 531 331 895 0 688 143 339 0 0 444 0 495 156 411 502 203 643 0 0 514 492 180 0 299 649 725 694 0 0 710 0 716 279 0 150 179 470 0 170 480 667 0 0 321 0 0 0 271 0 0 0 462 683 0 0 0 0 46 193 0 0 294 164 338 0 800 499 280 672 647 211 634 1 0 1 429 264 0 232 639 0 734 741 578 0 0 0 0 150 0 0 180 0 0 865 160 0 1 0 429 0 0 0 0 0 1 0 671 0 0 759 903 0 249 680 647 665 0 0 703 689 0 0 370 0 833 43 674 292 0 705 0 0 0 615 0 0 0 295 0 657 780 0 0 712 0 0 464 0 662 0
