0 428 943 618 461 375 1 622 765 30 706 657 834 540 713 123 613 609 480 540 401 574 604 498 188 331 679 362 739 635 577 836 647 557 619 645 902 589 564 597 813 731 529 565 416 605 275 712 626 346 540 640 615 883 582 845 600 682 746 722 711 736 564 798 623 458 416 513 524 211 754 896 634 670 178 633 666 876 667 133 417 222 639 288 742 741 685 881 716 532 776 314 544 495 394 615 245 499 1 525 691 293 493 582 194 476 647 476 743 202 840 303 569 353 577 552 564 684 697 378 564 139 500 720 916 350 424 180 165 534 600 626 133 714 485 540 574 186 480 411 234 504 326 497 248 357 797 875 823 773 1 595 567 420 699 170 789 718 0 0 0 0 0 0 0 0 0 0 0 0 0 0 0 0 0 0 0 0 0 0 0 0 0 0 0 0 0 0 0 0 0 0 0 0 0 0 0 0 0 0 0 0 0 0 0 0 0 0 0
428 0 551 224 1 171 503 239 596 368 433 264 440 231 362 520 494 243 255 145 58 135 190 555 636 228 309 176 445 257 432 482 512 543 221 249 519 203 186 203 465 399 371 349 49 419 189 362 234 349 188 363 218 516 185 456 407 286 350 519 444 457 168 424 260 282 297 559 156 589 358 517 243 278 327 314 326 505 552 530 171 574 253 548 345 472 603 500 579 919 433 182 182 1 138 217 225 313 371 184 370 446 125 247 390 134 260 1 635 429 633 127 180 610 180 281 167 300 0 775 166 426 1 325 575 196 425 245 492 483 264 532 326 326 134 143 379 563 1 255 233 893 722 194 635 134 435 516 0 0 489 200 175 1 326 539 448 468 777 0 782 0 794 0 780 774 701 775 792 843 865 0 808 774 777 850 825 780 0 58 884 820 799 842 768 908 811 858 0 751 801 813 851 806 782 922 846 0 787 0 916 936 930 922 912 1 937 924 0
943 551 0 357 513 607 0 393 488 886 501 317 141 517 285 0 564 424 532 449 576 406 394 759 0 662 370 612 325 389 547 198 540 681 366 348 1 415 444 396 220 293 552 492 560 501 699 334 375 791 485 403 375 149 404 130 497 314 256 451 379 355 376 189 356 569 620 746 485 0 225 1 368 337 814 374 424 141 561 0 566 0 375 0 246 312 598 1 531 0 249 690 474 479 582 372 745 544 895 454 437 835 473 474 884 498 373 497 565 879 584 678 429 0 406 462 420 342 0 0 416 941 494 275 369 635 705 794 0 645 460 589 840 260 489 441 498 0 495 603 739 0 0 495 0 618 208 172 0 0 0 395 425 554 353 0 245 396 334 507 316 493 286 564 328 341 364 340 329 470 444 508 335 338 329 377 329 352 556 475 363 413 406 393 331 434 399 476 454 338 335 309 453 439 326 486 375 644 327 462 528 549 557 519 543 580 516 636 0
618 224 357 0 190 299 695 159 508 559 406 1 247 270 201 711 466 198 281 137 248 1 125 604 824 360 217 305 315 177 385 303 468 558 1 1 326 145 150 1 292 249 371 318 232 377 374 278 128 507 183 274 1 329 1 263 365 129 180 431 335 335 1 237 122 324 367 600 192 766 167 326 130 144 500 206 273 316 507 718 266 767 155 731 163 327 562 308 514 0 267 369 199 156 268 1 419 326 570 163 319 573 159 246 574 185 168 177 571 586 596 351 140 786 1 245 1 182 0 0 1 618 182 155 465 329 493 468 729 499 248 505 515 133 175 120 348 741 168 333 416 0 906 228 798 296 255 333 0 0 676 1 128 233 223 732 281 364 608 818 606 799 606 889 608 608 560 608 617 702 701 827 631 607 606 674 641 616 872 642 690 665 648 674 600 733 654 715 777 609 625 626 702 664 609 763 679 928 613 789 775 797 797 776 778 743 784 826 0
461 1 513 190 0 146 538 248 529 404 472 225 404 278 302 553 431 265 195 152 1 158 214 512 665 211 322 153 379 269 369 425 447 489 205 238 474 213 207 201 407 337 311 284 1 305 216 341 203 416 226 295 209 464 178 414 342 273 333 451 377 390 141 374 202 228 253 513 190 607 327 438 240 273 340 248 353 454 488 560 127 622 258 607 321 406 540 454 506 932 373 244 216 1 1 204 275 253 368 1 399 430 144 284 450 1 272 48 569 431 674 207 190 671 169 214 162 303 0 800 150 477 152 307 565 177 385 311 579 429 297 470 358 263 1 137 314 582 1 211 257 934 746 236 675 137 380 462 0 0 517 195 180 1 336 549 388 400 765 951 725 958 765 0 766 764 704 764 775 848 862 0 790 759 763 833 800 772 0 772 844 817 798 831 757 849 807 862 922 765 784 785 852 784 767 917 836 0 771 943 922 943 940 925 921 863 936 949 0
375 171 607 299 146 0 452 363 495 325 574 334 503 372 368 465 382 377 158 267 152 273 330 416 568 1 437 37 409 384 322 492 407 411 321 354 559 328 318 317 470 389 259 260 152 324 149 377 341 427 328 311 325 538 294 506 314 388 447 440 392 412 256 455 274 163 163 420 294 501 432 552 357 389 238 291 463 531 444 466 1 555 374 568 431 441 489 539 480 820 433 245 320 176 1 320 239 204 326 183 508 314 254 387 423 144 388 154 485 317 773 185 305 638 283 218 278 415 0 673 266 422 255 420 710 1 286 234 504 353 403 416 277 380 154 253 284 477 183 123 176 846 643 335 593 1 452 515 0 0 423 312 295 1 452 508 446 408 876 0 873 0 863 0 876 876 795 876 885 0 0 0 897 875 874 940 903 885 0 888 928 932 914 942 869 0 921 0 0 877 893 869 0 926 877 0 948 0 880 0 0 0 0 0 0 0 0 0 0
1 503 0 695 538 452 0 692 817 166 752 734 911 603 790 48 667 677 553 614 477 650 677 529 166 405 747 447 810 705 636 912 701 597 694 719 0 660 635 671 889 806 593 634 493 668 352 785 698 379 607 712 689 959 657 922 664 756 820 780 779 805 640 876 674 529 484 545 594 168 831 0 707 742 250 708 727 953 690 1 494 162 693 257 818 843 726 959 766 464 852 382 613 572 423 689 316 568 156 602 748 332 590 646 262 555 718 554 785 244 863 377 642 314 652 620 639 754 620 306 640 170 573 796 0 426 475 257 1 582 665 675 210 791 563 616 640 148 557 483 312 427 256 603 129 434 874 951 749 668 1 669 641 497 766 1 864 784 0 0 0 0 0 0 0 0 0 0 0 0 0 0 0 0 0 0 0 0 0 0 0 0 0 0 0 0 0 0 0 0 0 0 0 0 0 0 0 0 0 0 0 0 0 0 0 0 0 0 940
622 239 393 159 248 363 692 0 636 560 279 171 290 161 320 710 593 1 389 127 266 134 1 717 828 427 1 370 438 51 536 398 596 679 1 1 385 1 1 1 393 369 491 442 256 504 396 403 1 430 122 403 1 408 1 321 492 1 167 559 462 460 155 324 251 429 447 716 128 793 209 391 1 1 535 335 147 393 636 724 344 733 48 669 180 450 691 373 643 0 376 341 1 225 329 1 407 441 578 269 194 648 144 125 522 264 56 245 700 638 474 350 1 713 1 367 1 1 0 0 136 586 154 148 376 393 596 479 707 619 120 633 524 224 256 142 474 766 211 425 439 0 917 132 808 340 353 419 0 0 686 1 1 289 1 710 367 491 572 870 572 771 607 917 576 548 492 568 588 635 657 814 607 548 572 647 630 574 917 554 710 611 591 617 562 704 602 650 812 571 598 622 642 598 579 704 639 0 583 804 709 729 725 714 706 646 728 732 0
765 596 488 508 529 495 817 636 0 747 870 496 484 743 352 818 180 676 384 562 597 551 603 343 844 510 678 509 232 651 226 335 147 263 559 578 430 622 642 592 322 304 285 281 586 215 622 264 604 904 685 271 576 372 575 449 226 565 573 1 204 208 535 394 418 378 401 327 655 756 509 413 604 603 627 336 742 385 132 802 479 949 609 0 540 232 146 420 1 869 316 720 670 517 519 566 715 335 730 448 783 516 607 724 894 493 639 514 1 602 0 664 614 0 567 345 576 638 0 891 555 866 627 557 819 513 372 681 891 265 726 124 707 458 493 570 255 751 553 426 632 0 861 698 930 559 322 349 0 0 771 585 600 532 675 868 309 175 748 565 717 805 637 674 738 760 818 759 729 893 842 769 720 757 742 748 685 771 616 930 608 830 833 783 750 780 817 891 598 741 729 659 865 871 733 858 792 564 730 665 924 940 954 908 947 0 892 0 0
30 368 886 559 404 325 166 560 747 0 608 599 776 480 663 182 597 548 439 479 342 514 543 505 299 288 618 321 671 574 553 787 630 555 558 584 847 528 503 536 765 684 501 530 357 577 218 669 564 305 479 599 554 831 521 788 570 621 685 696 674 698 504 745 569 422 385 519 462 270 695 842 549 608 150 586 606 823 654 194 368 260 577 300 682 731 678 827 702 593 728 253 482 438 334 554 184 464 59 472 633 300 455 522 210 422 586 420 735 186 798 242 508 369 517 508 504 623 755 439 504 150 439 660 859 304 415 123 209 484 540 614 1 657 430 480 543 244 420 373 180 560 387 475 302 302 746 825 884 827 157 534 506 364 638 213 742 684 0 0 0 0 0 0 0 0 0 0 0 0 0 0 0 0 0 0 0 0 0 0 0 0 0 0 0 0 0 0 0 0 0 0 0 0 0 0 0 0 0 0 0 0 0 0 0 0 0 0 0
706 433 501 406 472 574 752 279 870 608 0 408 443 234 549 770 840 245 630 356 455 381 317 954 874 629 223 580 668 260 785 570 844 925 355 330 529 304 299 331 594 596 737 691 452 753 555 637 309 406 277 649 340 575 353 480 741 326 330 798 699 692 401 518 497 668 695 955 313 885 396 542 306 300 685 581 163 559 883 792 568 724 281 617 362 672 938 527 885 0 589 446 287 460 540 349 515 685 679 514 1 839 359 218 524 498 268 476 941 797 231 491 322 628 363 615 360 264 0 0 381 614 352 334 247 598 826 605 728 864 206 881 636 443 491 378 722 861 434 653 563 0 957 269 811 534 554 594 0 0 769 338 336 503 225 728 599 728 500 903 527 674 597 892 510 489 377 491 528 489 489 736 551 492 504 576 593 490 926 380 713 496 473 547 490 617 493 506 822 496 538 583 510 460 516 589 545 0 522 779 554 568 557 567 540 441 589 525 0
657 264 317 1 225 334 734 171 496 599 408 0 207 294 179 750 469 198 304 172 288 123 144 620 863 396 215 340 298 184 418 270 467 560 1 1 287 166 193 136 261 228 383 327 272 380 413 262 139 540 240 271 1 292 131 223 369 1 152 420 323 320 126 201 124 347 393 615 223 803 129 287 138 139 537 204 277 264 506 758 299 807 162 768 129 310 560 269 507 0 202 408 226 194 304 1 459 344 609 191 321 603 195 264 612 220 173 214 563 621 590 391 168 822 129 258 143 176 0 0 133 658 218 129 444 364 514 507 769 511 262 508 554 1 211 158 356 779 208 360 444 0 932 254 868 335 222 298 0 0 715 131 158 271 217 772 253 352 573 780 569 762 567 849 572 573 531 567 581 673 675 789 594 572 570 637 603 582 833 619 650 633 617 639 565 696 621 685 737 574 589 587 670 635 573 729 644 893 576 750 745 766 730 744 749 722 751 804 0
834 440 141 247 404 503 911 290 484 776 443 207 0 419 208 927 523 326 442 339 465 296 273 709 0 561 282 509 296 257 492 180 507 638 257 240 125 308 338 288 192 235 482 420 449 447 590 281 269 691 382 336 266 163 277 1 439 209 159 428 338 320 303 123 256 482 532 699 377 0 1 134 262 234 710 291 342 146 498 923 464 0 273 928 138 285 582 1 516 0 203 580 370 370 476 263 635 463 786 351 367 749 363 378 747 391 274 389 561 783 570 568 321 0 296 377 311 247 0 0 306 831 384 173 370 532 633 684 945 593 366 554 731 153 382 330 440 949 385 510 631 0 0 392 0 510 158 180 0 0 891 286 316 446 268 948 207 362 416 614 406 593 391 674 413 419 410 419 418 538 525 614 428 418 412 471 430 430 664 516 473 487 476 480 410 530 474 546 564 418 425 413 482 502 412 573 486 743 414 572 604 625 630 598 614 624 600 693 0
540 231 517 270 278 372 603 161 743 480 234 294 419 0 441 621 673 124 443 179 251 223 180 756 738 425 182 377 555 159 612 528 684 737 215 220 514 157 133 188 522 489 556 521 250 589 355 517 189 305 1 503 208 540 200 451 576 243 292 664 572 575 238 455 306 476 497 759 122 722 340 521 193 216 490 438 154 524 725 640 369 621 177 544 309 571 779 503 741 0 502 260 1 273 339 217 331 500 505 337 185 636 130 1 406 309 176 285 799 600 432 294 161 584 207 445 198 205 0 874 218 480 157 277 411 395 626 417 604 677 1 712 455 353 303 204 552 696 242 455 393 930 828 1 702 330 482 550 0 0 607 194 174 303 201 605 516 600 646 0 662 840 706 0 652 638 542 639 668 673 711 894 689 640 647 724 720 642 0 573 818 666 643 704 636 775 660 690 924 643 678 717 689 630 657 767 705 0 662 905 743 760 752 754 734 644 773 728 0
713 362 285 201 302 368 790 320 352 663 549 179 208 441 0 802 354 360 278 305 378 254 292 533 874 417 357 373 150 332 317 154 343 465 247 259 228 304 338 283 135 1 305 243 362 272 477 1 288 671 386 159 263 200 272 191 264 254 256 280 180 174 246 126 132 314 365 524 363 820 195 218 268 282 572 1 420 194 377 802 326 890 309 879 224 161 429 207 369 0 1 513 370 273 351 254 547 290 665 222 461 580 324 413 720 275 319 285 423 626 715 479 311 941 266 207 279 316 0 0 262 748 348 246 536 393 457 570 842 417 411 371 615 136 269 284 262 800 303 350 512 0 0 399 932 393 1 192 0 0 759 277 299 318 353 846 1 210 586 678 571 746 537 766 581 591 573 591 584 714 696 752 560 563 582 632 582 602 735 692 590 660 651 647 582 688 648 722 655 589 586 561 702 679 580 741 654 767 581 686 778 799 805 771 790 800 766 871 0
123 520 0 711 553 465 48 710 818 182 770 750 927 621 802 0 669 695 564 631 494 666 695 526 148 417 765 459 819 723 641 923 703 595 710 736 0 679 653 688 900 817 561 642 509 674 363 795 716 396 625 720 706 0 674 937 670 773 838 786 787 813 656 889 714 538 492 542 612 152 847 0 725 760 261 720 745 0 717 56 507 162 727 265 834 851 725 0 766 446 863 400 631 573 486 706 333 576 171 616 766 332 607 664 278 569 736 569 784 246 844 394 659 318 669 636 656 772 604 282 656 187 579 813 0 439 477 273 1 583 683 675 226 807 578 633 647 134 573 493 327 413 238 620 161 449 886 0 732 682 1 686 658 512 784 1 875 791 0 0 0 0 0 0 0 0 0 0 0 0 0 0 0 0 0 0 0 0 0 0 0 0 0 0 0 0 0 0 0 0 0 0 0 0 0 0 0 0 0 0 0 0 0 0 0 0 0 0 929
613 494 564 466 431 382 667 593 180 597 840 469 523 673 354 669 0 628 269 526 488 493 555 225 691 371 652 381 261 611 1 397 1 146 516 544 502 570 580 542 376 319 154 183 480 1 486 272 563 777 616 230 532 447 520 491 130 555 575 156 196 240 473 430 376 249 260 212 581 617 517 485 566 577 477 295 709 454 1 653 360 798 591 866 543 282 139 485 136 791 353 597 602 430 400 522 579 212 579 366 755 368 531 666 751 398 604 420 179 453 0 535 554 935 510 259 515 615 0 773 494 716 546 560 859 379 222 535 741 120 673 1 558 453 401 501 151 608 463 292 490 905 735 628 786 435 378 425 0 0 621 534 540 422 655 745 330 198 857 717 791 946 760 797 848 867 896 866 843 0 0 916 839 864 851 872 811 868 766 0 750 939 937 903 856 914 926 0 749 862 845 785 0 0 844 0 912 704 843 814 0 0 0 0 0 0 0 0 0
609 243 424 198 265 377 677 1 676 548 245 198 326 124 360 695 628 0 416 144 270 166 1 743 813 438 1 383 480 1 570 439 633 662 148 133 420 1 1 1 435 411 522 477 262 540 395 444 1 397 1 442 131 447 138 358 528 151 199 599 502 501 186 365 290 455 486 743 120 785 247 428 1 123 534 374 1 431 673 711 362 707 1 637 216 492 728 410 682 0 418 325 1 247 342 140 394 470 568 298 165 658 153 1 494 287 1 266 739 641 444 343 1 678 148 400 145 1 0 952 165 563 155 183 368 405 619 472 686 649 1 668 514 266 279 164 508 758 227 446 437 0 903 1 785 347 394 459 0 0 674 124 120 302 120 688 431 532 580 900 546 778 626 922 585 574 490 575 599 630 658 826 619 575 580 657 645 580 944 543 733 612 553 642 570 712 604 646 837 578 609 639 641 594 588 715 644 0 593 825 704 723 717 711 698 629 726 715 0
480 255 532 281 195 158 553 389 384 439 630 304 442 443 278 564 269 416 0 304 250 285 330 358 653 180 459 159 290 409 206 392 288 326 323 321 476 358 360 336 368 284 146 133 240 200 276 262 365 550 389 191 334 443 312 434 188 380 426 313 267 290 264 373 220 1 120 357 337 572 390 466 370 393 333 190 503 440 328 560 125 669 393 693 401 322 372 455 311 861 331 367 376 201 136 326 366 1 434 151 551 338 303 444 550 164 407 187 412 378 830 310 339 763 302 1 300 430 0 768 283 544 315 403 716 169 242 353 614 265 455 306 392 327 170 282 159 552 211 1 287 934 716 399 693 206 360 431 0 0 517 329 325 183 469 619 343 281 827 877 816 0 784 0 824 831 804 831 828 943 936 0 836 829 824 878 830 840 934 893 830 897 883 891 822 936 884 953 877 830 835 808 936 905 823 0 898 914 825 917 0 0 0 0 0 0 0 0 0
540 145 449 137 152 267 614 127 562 479 356 172 339 179 305 631 526 144 304 0 173 1 1 630 748 329 200 273 412 147 466 366 535 600 1 135 425 1 1 1 398 351 414 373 161 441 305 373 1 400 120 354 1 434 1 360 428 172 237 516 425 430 1 342 212 342 373 630 1 704 254 427 127 162 442 271 232 420 576 642 249 672 139 627 235 431 631 409 592 0 372 271 1 134 232 1 329 360 494 191 277 550 54 165 471 173 152 152 649 542 556 266 1 681 1 297 59 186 0 887 1 522 1 188 473 255 505 393 639 539 180 566 439 219 165 55 405 678 1 332 348 0 835 134 739 243 362 439 0 0 602 1 1 192 216 642 387 431 662 920 667 860 683 0 665 659 589 659 677 732 751 899 694 659 660 735 712 666 0 651 779 706 686 727 653 793 696 746 863 662 686 701 738 694 667 808 731 0 672 876 806 826 822 810 803 741 824 827 0
401 58 576 248 1 152 477 266 597 342 455 288 465 251 378 494 488 270 250 173 0 203 240 538 609 205 336 157 456 284 426 500 508 491 248 276 542 231 213 231 483 414 364 347 46 417 162 418 262 333 213 369 246 537 213 480 405 313 377 521 452 466 193 445 277 272 282 542 180 561 384 540 271 305 299 325 351 526 547 503 159 552 281 531 371 483 597 523 577 891 449 166 207 135 122 245 203 306 354 194 394 420 153 271 374 140 253 125 632 402 653 134 208 594 207 283 195 304 0 748 193 386 145 352 607 174 407 252 511 471 288 524 299 349 143 171 376 535 1 240 205 869 694 217 610 1 454 536 0 0 462 228 203 1 354 515 464 458 805 0 810 0 821 0 808 802 728 795 814 870 893 0 836 802 804 878 853 809 0 780 909 848 794 870 796 936 838 885 0 805 829 840 878 833 810 950 874 0 814 0 943 0 957 950 938 862 0 947 0
574 135 406 1 158 273 650 134 551 514 381 123 296 223 254 666 493 166 285 1 203 0 1 613 780 335 199 280 363 155 429 325 499 575 1 1 379 1 120 1 347 300 387 341 188 405 332 325 1 451 165 311 1 362 58 315 393 145 207 472 379 382 51 292 164 326 363 611 139 730 212 379 1 146 465 245 250 371 500 676 247 716 138 675 199 382 594 362 551 0 321 316 150 128 240 1 369 337 527 165 298 556 1 206 519 165 153 150 609 558 578 303 1 731 48 265 56 179 0 920 40 566 127 180 452 304 494 424 677 515 211 533 457 188 156 1 372 705 127 325 375 0 866 179 780 261 311 389 0 0 634 1 1 202 216 683 336 407 639 873 641 834 649 940 640 637 577 637 651 720 734 868 666 637 637 708 681 645 926 650 738 690 671 705 630 767 679 735 829 639 659 667 724 683 642 790 709 0 646 837 795 816 814 797 795 746 808 831 0
604 190 394 125 214 330 677 1 603 543 317 144 273 180 292 695 555 1 330 1 240 1 0 679 812 394 140 305 408 1 498 380 559 640 1 1 378 53 1 45 373 341 452 405 222 467 372 372 51 437 130 368 59 396 1 313 455 1 174 526 429 429 1 307 216 391 427 677 120 771 202 382 1 1 509 300 185 381 600 707 308 728 1 672 178 422 655 364 608 0 352 330 1 189 295 1 392 402 560 230 232 614 1 152 520 228 1 210 665 609 512 331 1 720 1 329 1 1 0 952 1 579 134 150 410 360 558 459 698 580 153 565 504 203 219 1 436 745 178 388 415 0 900 142 799 310 304 404 0 0 667 52 1 256 152 701 366 459 595 870 600 793 620 925 598 591 494 592 610 666 684 833 627 592 594 668 612 599 919 589 719 639 619 660 586 726 629 680 817 594 619 636 671 628 600 741 663 0 605 815 740 760 757 744 738 682 757 768 0
498 555 759 604 512 416 529 717 343 505 954 620 709 756 533 526 225 743 358 630 538 613 679 0 538 371 784 411 454 737 247 591 252 1 649 682 696 686 686 664 569 505 267 326 537 292 474 460 692 753 708 404 660 641 640 671 299 702 738 347 410 434 592 618 527 318 289 47 672 446 688 679 698 718 398 458 830 617 245 505 417 657 720 752 708 477 235 679 290 598 544 599 697 526 447 653 553 308 480 479 878 236 625 766 683 487 735 508 290 325 0 538 665 813 630 374 629 756 845 582 610 620 633 718 0 396 160 479 603 146 778 207 480 608 494 609 302 437 550 331 457 756 548 716 623 463 588 620 819 945 482 657 653 483 795 608 546 393 0 837 0 0 948 939 0 0 0 0 0 0 0 0 0 0 0 0 0 0 875 0 919 0 0 0 0 0 0 0 891 0 0 0 0 0 0 0 0 771 0 0 0 0 0 0 0 0 0 0 0
188 636 0 824 665 568 166 828 844 299 874 863 0 738 874 148 691 813 653 748 609 780 812 538 0 514 883 562 895 840 696 0 744 617 827 853 0 797 771 805 0 906 666 717 624 735 480 877 799 498 744 792 823 0 790 0 734 890 955 835 858 885 770 0 819 621 572 555 730 124 0 0 842 878 360 813 861 0 748 136 608 195 846 316 950 926 743 0 793 329 953 518 744 699 592 823 452 654 285 720 859 377 725 780 380 677 854 679 792 309 954 512 777 345 786 725 773 891 495 170 772 293 708 926 0 540 484 387 176 620 800 698 340 916 686 749 716 135 687 580 438 312 120 739 122 558 0 0 615 580 178 804 776 622 902 176 0 855 0 0 0 0 0 0 0 0 0 0 0 0 0 0 0 0 0 0 0 0 0 0 0 0 0 0 0 0 0 0 0 0 0 0 0 0 0 0 0 0 0 0 0 0 0 0 0 0 0 0 835
331 228 662 360 211 1 405 427 510 288 629 396 561 425 417 417 371 438 180 329 205 335 394 371 514 0 488 1 440 447 316 483 400 378 385 418 612 391 379 381 514 431 256 274 209 328 145 412 397 439 386 317 389 586 358 562 320 452 497 448 416 437 320 507 336 166 141 377 353 442 494 604 420 453 186 333 523 580 433 396 127 518 437 548 494 473 434 591 474 757 477 265 380 240 128 384 238 210 254 240 567 251 316 445 414 207 451 218 486 255 826 203 367 618 309 251 342 483 0 639 330 397 315 485 773 30 240 205 464 325 461 400 242 439 217 317 291 419 246 1 152 795 586 392 547 126 501 576 0 0 372 376 358 168 515 469 489 428 939 0 917 0 919 0 938 939 885 939 946 0 0 0 958 938 936 0 0 948 0 950 0 0 0 0 931 0 0 0 0 920 954 941 0 0 939 0 0 0 942 0 0 0 0 0 0 0 0 0 0
679 309 370 217 322 437 747 1 678 618 223 215 282 182 357 765 652 1 459 200 336 199 140 784 883 488 0 443 426 1 598 412 652 744 168 137 376 139 153 154 413 405 555 505 327 563 464 444 124 454 170 456 155 411 178 317 552 133 154 605 506 500 225 338 306 500 537 785 190 846 214 386 1 1 603 389 1 395 691 780 417 772 1 694 180 483 745 368 692 0 403 395 167 299 402 164 464 509 603 338 135 720 215 137 557 337 1 319 747 708 409 413 162 730 188 431 192 1 0 0 208 630 221 148 303 466 668 542 753 662 120 682 585 252 328 215 536 829 284 498 506 0 0 174 852 411 371 426 0 0 745 136 172 362 50 755 414 504 509 839 521 708 557 872 514 504 422 505 528 564 589 755 548 504 510 586 575 509 881 480 667 543 522 572 499 641 534 579 773 508 538 570 572 527 509 645 574 0 523 757 637 657 652 643 634 573 658 655 0
362 176 612 305 153 37 447 370 509 321 580 340 509 377 373 459 381 383 159 273 157 280 305 411 562 1 443 0 412 390 321 496 406 407 327 360 565 334 324 324 474 393 258 261 158 324 147 380 356 427 334 314 332 543 300 512 314 394 452 440 394 415 262 460 287 162 159 416 300 495 439 558 364 396 232 295 469 536 443 461 1 551 381 566 438 438 487 544 479 814 437 246 326 182 1 324 238 204 322 189 514 308 260 393 420 150 394 155 529 311 779 185 311 635 292 197 285 426 0 691 273 419 261 428 716 54 281 230 500 350 409 414 273 386 160 259 284 471 189 120 173 840 637 341 588 1 457 535 0 0 417 318 302 1 458 504 451 410 883 0 880 0 869 0 883 883 792 883 890 0 0 0 904 882 881 947 909 891 0 894 933 939 921 949 875 0 928 0 0 884 899 891 0 933 884 0 954 0 887 0 0 0 0 0 0 0 0 0 0
739 445 325 315 379 409 810 438 232 671 668 298 296 555 150 819 261 480 290 412 456 363 408 454 895 440 426 412 0 452 244 167 242 378 363 379 271 430 452 398 145 1 260 209 441 199 528 1 403 763 498 129 380 219 385 266 196 374 372 164 1 55 351 203 230 311 357 443 472 806 308 255 405 402 591 145 540 199 270 811 368 928 429 946 340 1 317 254 254 0 123 592 483 357 403 371 611 273 693 292 581 552 429 530 794 346 439 362 305 616 828 546 424 0 378 221 389 436 0 0 370 801 451 365 636 426 410 611 874 341 530 290 651 255 342 389 210 790 391 358 554 0 941 512 949 447 168 199 0 0 771 392 412 399 473 878 122 1 634 621 611 759 555 720 627 642 665 642 625 774 742 749 612 640 629 663 605 628 678 776 578 715 710 687 632 712 702 731 617 639 628 573 755 743 623 777 695 682 623 664 828 848 858 782 845 882 810 941 0
635 257 389 177 269 384 705 51 651 574 260 184 257 159 332 723 611 1 409 147 284 155 1 737 840 447 1 390 452 0 556 405 614 699 125 1 385 1 1 1 402 382 507 462 274 523 413 417 1 432 129 420 1 412 128 322 511 1 163 561 477 474 176 331 268 450 485 736 142 808 212 392 1 1 552 352 127 396 654 737 364 740 53 672 180 430 709 374 659 0 386 353 122 246 303 1 420 452 593 289 154 667 162 1 527 285 47 266 716 656 454 365 1 714 138 387 140 1 0 0 157 595 170 148 356 377 617 495 717 639 1 651 538 234 277 163 493 782 231 446 431 0 930 137 817 359 360 424 0 0 700 1 1 309 1 719 399 506 556 865 566 755 596 908 555 552 474 552 574 616 639 793 593 552 556 632 617 558 911 534 701 594 573 620 547 688 585 631 804 555 583 610 624 579 564 696 623 0 569 794 690 709 705 695 686 625 710 711 0
577 432 547 385 369 322 636 536 226 553 785 418 492 612 317 641 1 570 206 466 426 429 498 247 696 316 598 321 244 556 0 381 1 180 461 490 484 512 521 484 357 289 1 124 417 1 429 245 507 718 555 188 476 433 462 469 1 504 529 175 201 227 415 402 324 189 206 237 520 603 475 469 511 524 434 248 653 438 152 628 279 766 535 823 499 271 201 466 189 792 330 537 540 369 339 466 523 150 539 305 700 349 470 607 699 335 549 342 239 426 0 476 495 893 452 200 456 562 0 774 435 671 485 513 820 321 201 485 708 130 615 131 512 410 339 442 1 591 401 234 437 952 732 567 764 374 373 413 0 0 592 477 480 360 603 713 333 191 848 757 825 0 764 866 840 857 871 856 838 0 956 938 837 854 843 874 814 868 809 0 768 929 924 900 846 921 916 0 780 853 840 789 0 956 837 0 909 758 837 840 0 0 0 0 0 0 0 0 0
836 482 198 303 425 492 912 398 335 787 570 270 180 528 154 923 397 439 392 366 500 325 380 591 0 483 412 496 167 405 381 0 375 513 334 339 135 403 432 375 55 138 390 333 484 335 602 171 370 780 479 244 353 1 371 144 331 319 252 244 211 187 356 1 254 423 473 579 444 930 211 1 365 348 692 233 477 1 398 921 449 0 384 0 263 146 439 1 372 0 1 633 465 395 476 346 671 392 788 347 508 680 432 493 840 400 389 408 374 736 719 602 407 0 368 319 382 373 0 0 368 872 456 294 514 495 543 694 0 478 486 423 739 207 393 392 341 912 423 464 636 0 0 492 0 517 1 1 0 0 878 371 398 458 403 0 1 229 498 556 476 636 427 642 491 506 530 505 490 637 607 635 491 503 493 531 476 517 612 642 427 579 573 553 496 551 565 642 530 502 494 450 619 606 488 645 561 655 488 564 692 713 722 682 680 747 676 804 0
647 512 540 468 447 407 701 596 147 630 844 467 507 684 343 703 1 633 288 535 508 499 559 252 744 400 652 406 242 614 1 375 0 171 519 544 479 575 588 546 354 304 177 194 499 125 491 258 566 803 626 226 535 423 526 478 137 552 567 125 199 219 480 414 376 273 289 238 592 650 507 462 568 576 510 293 711 431 1 688 382 833 593 899 535 259 122 463 1 814 335 609 612 443 422 525 607 234 613 376 756 403 542 674 780 413 606 436 154 487 0 561 561 0 516 269 522 613 0 799 501 749 546 554 846 406 257 566 775 153 680 1 590 446 416 510 163 642 436 318 520 0 766 638 820 459 380 400 0 0 655 539 547 441 654 780 334 176 829 683 801 913 730 792 820 839 844 789 814 0 931 881 809 836 823 842 780 851 733 0 716 912 910 873 829 848 898 0 714 834 816 753 950 946 816 955 882 675 814 780 0 0 0 0 0 0 0 0 0
557 543 681 558 489 411 597 679 263 555 925 560 638 737 465 595 146 662 326 600 491 575 640 1 617 378 744 407 378 699 180 513 171 0 606 636 618 651 656 626 492 433 218 270 525 224 490 387 651 780 684 338 620 562 603 612 233 652 680 265 333 356 554 546 473 292 278 1 648 524 606 600 655 671 440 398 795 570 163 576 402 728 680 815 649 398 160 600 209 675 469 613 672 497 437 611 578 270 533 441 843 296 599 740 727 460 694 483 219 381 0 550 633 878 592 343 594 698 918 664 574 674 611 663 0 397 175 514 672 1 750 125 525 561 466 577 242 520 526 319 482 837 630 695 700 462 514 540 874 0 550 618 619 468 750 676 470 315 0 773 941 0 866 854 0 0 0 0 954 0 0 0 948 0 0 0 916 0 815 0 840 0 0 0 0 0 0 0 820 0 955 890 0 0 956 0 0 726 954 891 0 0 0 0 0 0 0 0 0
619 221 366 1 205 321 694 1 559 558 355 1 257 215 247 710 516 148 323 1 248 1 1 649 827 385 168 327 363 125 461 334 519 606 0 1 344 1 124 1 330 296 418 367 234 428 379 327 1 475 172 325 47 357 1 280 416 1 160 482 385 384 1 267 173 365 404 647 156 777 172 347 1 1 512 257 222 343 559 720 293 743 1 706 154 377 613 329 565 0 308 354 157 175 287 38 411 371 572 202 269 602 137 197 552 211 1 197 622 605 547 346 1 758 1 279 1 137 0 0 1 605 158 134 427 351 534 470 720 546 197 556 517 162 201 1 398 752 174 368 422 0 912 185 821 309 291 364 0 0 680 1 1 249 176 724 322 383 591 839 593 787 604 900 593 566 530 590 603 674 687 822 619 589 590 660 635 597 890 606 697 642 623 642 583 720 631 688 790 592 612 622 677 636 590 742 662 959 599 795 736 750 767 750 749 704 761 788 0
645 249 348 1 238 354 719 1 578 584 330 1 240 220 259 736 544 133 321 135 276 1 1 682 853 418 137 360 379 1 490 339 544 636 1 0 333 1 128 1 333 309 449 397 263 455 408 343 1 482 173 349 1 317 1 264 443 1 132 502 404 401 129 265 198 398 438 679 166 807 156 337 57 1 543 281 197 336 584 747 327 773 1 717 132 390 638 319 576 0 315 373 160 209 320 1 434 403 599 235 242 636 159 186 566 245 1 230 644 638 517 371 1 766 1 323 1 1 0 0 1 624 177 1 393 384 567 497 742 577 182 583 543 163 202 136 427 780 195 395 451 0 940 185 843 340 293 360 0 0 707 1 1 282 144 745 329 433 560 798 564 757 578 859 562 558 497 559 573 641 654 794 590 558 559 632 607 566 874 572 675 609 590 626 552 690 599 654 772 560 583 596 644 603 564 710 630 951 569 772 715 735 733 717 715 670 728 744 0
902 519 1 326 474 559 0 385 430 847 529 287 125 514 228 0 502 420 476 425 542 379 378 696 0 612 376 565 271 385 484 135 479 618 344 333 0 401 431 378 128 232 490 430 525 438 659 271 362 785 475 341 355 1 382 1 434 303 254 389 316 292 382 135 309 512 562 683 469 0 207 48 356 329 766 316 436 1 500 0 518 0 367 0 235 250 501 51 471 0 186 664 463 440 537 351 714 485 853 407 457 775 450 473 866 455 369 422 508 824 632 645 412 0 382 405 397 342 0 0 389 914 472 268 420 586 632 753 0 582 462 527 800 201 447 414 442 0 435 548 669 0 0 486 0 575 148 1 0 0 952 376 406 513 362 0 180 333 396 525 377 547 338 594 390 403 426 403 390 534 506 556 394 401 391 435 384 415 577 539 401 476 469 453 393 490 462 539 480 400 395 362 516 502 387 547 461 649 388 500 590 611 619 581 605 642 577 700 0
589 203 415 145 213 328 660 1 622 528 304 166 308 157 304 679 570 1 358 1 231 1 53 686 797 391 139 334 430 1 512 403 575 651 1 1 401 0 1 1 396 363 463 418 220 482 360 392 1 414 1 385 1 399 1 336 470 130 192 545 449 450 127 331 235 385 431 685 1 759 224 405 1 1 500 318 175 404 616 692 309 685 1 650 198 444 671 387 626 0 375 312 1 192 293 1 376 412 546 240 223 612 1 132 499 231 1 202 683 602 502 317 54 698 1 342 1 127 0 937 1 560 1 170 412 357 563 446 680 590 135 610 490 227 223 1 450 732 175 391 404 0 885 1 780 304 356 428 0 0 653 1 1 253 154 682 389 440 606 892 614 805 637 913 610 602 519 603 622 671 692 847 640 602 606 680 662 609 940 590 738 647 626 671 597 738 638 686 837 605 632 652 678 633 612 749 674 0 617 833 745 765 761 750 742 680 764 766 0
564 186 444 150 207 318 635 1 642 503 299 193 338 133 338 653 580 1 360 1 213 120 1 686 771 379 153 324 452 1 521 432 588 656 124 128 431 1 0 1 423 387 470 428 204 494 341 414 1 385 1 402 1 448 1 366 482 160 221 563 469 472 138 360 254 399 429 687 1 736 254 435 1 140 480 336 176 433 625 667 303 679 1 620 228 468 684 417 642 0 401 284 1 191 283 1 349 416 521 246 223 600 1 1 436 229 1 208 700 585 500 293 58 668 1 351 1 150 0 911 1 531 1 199 425 346 561 422 651 595 124 620 466 255 222 1 460 709 168 388 383 0 860 1 752 289 384 457 0 0 628 1 1 243 171 654 416 498 629 922 638 828 664 0 633 624 545 625 646 687 712 872 664 625 629 704 688 630 0 600 766 666 645 692 619 744 657 702 866 628 655 679 672 650 636 768 695 0 636 861 760 780 775 767 756 688 782 774 0
597 203 396 1 201 317 671 1 592 536 331 136 288 188 283 688 542 1 336 1 231 1 45 664 805 381 154 324 398 1 484 375 546 626 1 1 378 1 1 0 364 332 438 390 218 454 362 360 1 439 135 355 53 393 54 313 441 1 180 514 418 377 1 303 204 377 413 663 120 761 203 381 1 1 499 288 199 378 587 700 294 725 1 672 180 413 641 363 596 0 345 325 120 175 283 59 386 362 552 216 247 600 1 163 519 214 1 196 653 597 527 324 1 722 1 315 1 132 0 945 1 575 128 155 424 347 544 450 693 566 165 581 496 198 205 1 422 735 165 374 405 0 892 148 794 298 328 401 0 0 660 37 1 243 129 696 359 447 605 871 610 803 627 929 607 602 490 602 619 678 695 840 636 602 604 677 647 602 922 603 724 650 631 670 596 735 640 693 820 604 628 644 683 640 610 752 674 0 614 821 752 772 770 756 751 696 768 782 0
813 465 220 292 407 470 889 393 322 765 594 261 192 522 135 900 376 435 368 398 483 347 373 569 0 514 413 474 145 402 357 55 354 492 330 333 128 396 423 364 0 1 366 308 466 311 581 147 364 768 471 219 345 1 360 158 307 316 294 269 189 166 342 1 184 399 448 557 453 905 229 141 360 345 669 210 478 1 379 898 427 0 380 0 264 126 422 140 356 0 1 617 456 377 454 337 652 367 765 326 511 655 420 489 825 380 387 389 399 712 731 568 398 0 357 295 371 373 0 0 355 852 443 295 529 493 519 673 944 455 483 402 717 200 374 380 317 887 406 440 615 0 0 484 0 482 1 1 0 0 855 362 388 438 404 948 56 208 522 574 501 660 452 662 515 530 551 529 514 660 631 659 516 527 517 555 500 540 631 662 492 602 574 577 520 608 589 665 551 526 518 477 643 629 512 669 585 668 512 544 716 737 746 706 732 768 701 827 0
731 399 293 249 337 389 806 369 304 684 596 228 235 489 1 817 319 411 284 351 414 300 341 505 906 431 405 393 1 382 289 138 304 433 296 309 232 363 387 332 1 0 288 229 398 243 503 1 337 713 434 140 312 190 320 210 232 303 300 235 138 126 291 143 173 316 365 495 410 822 202 184 336 331 586 128 470 189 336 814 347 913 359 913 269 1 386 200 324 0 1 550 366 310 376 304 579 285 683 252 509 575 370 462 757 307 369 319 376 629 758 511 360 0 314 212 326 364 0 0 308 776 393 293 571 411 442 593 863 390 460 310 636 184 302 329 242 804 342 356 535 0 0 447 948 419 1 177 0 0 749 326 331 364 401 867 1 165 597 647 578 743 534 740 591 604 612 603 592 732 707 743 595 600 546 636 582 615 705 720 576 676 668 655 594 690 662 738 631 600 587 559 662 698 589 748 663 727 590 669 791 808 820 782 805 828 728 893 0
529 371 552 371 311 259 593 491 285 501 737 383 482 556 305 561 154 522 146 414 364 387 452 267 666 256 555 258 260 507 1 390 177 218 418 449 490 463 470 438 366 288 0 1 356 1 368 249 463 656 501 179 432 444 415 465 1 467 501 225 222 248 366 397 290 126 147 262 465 576 452 476 468 485 383 224 607 446 215 548 236 720 492 768 431 291 263 470 251 818 333 474 488 313 276 423 461 1 489 254 654 322 416 555 639 278 506 302 300 389 934 414 445 839 404 156 407 496 0 758 387 617 429 480 795 259 184 428 663 158 562 191 458 386 283 390 1 561 345 172 378 935 694 506 727 312 373 426 0 0 551 430 432 298 563 668 340 222 856 809 836 0 785 917 849 862 861 862 849 0 0 0 851 860 851 891 834 872 863 0 803 934 925 913 852 942 920 0 826 860 854 810 0 954 847 0 921 819 847 883 0 0 0 0 0 0 0 0 0
565 349 492 318 284 260 634 442 281 530 691 327 420 521 243 642 183 477 133 373 347 341 405 326 717 274 505 261 209 462 124 333 194 270 367 397 430 418 428 390 308 229 1 0 337 1 377 192 414 653 463 1 382 386 368 403 1 412 442 209 176 202 321 335 233 138 179 320 429 629 392 417 417 431 417 163 559 387 235 617 228 756 442 792 412 240 289 410 260 879 275 470 449 279 268 373 469 1 489 213 606 377 379 514 652 249 456 271 316 438 884 414 402 862 308 1 363 470 0 815 342 641 395 424 735 269 244 449 700 214 521 223 484 326 251 349 1 612 313 188 395 0 767 475 771 309 313 370 0 0 594 383 388 281 510 705 282 184 796 782 777 936 730 887 790 802 800 801 789 927 906 928 793 800 791 834 778 813 838 902 756 873 864 854 792 886 860 935 789 799 795 754 914 892 788 947 862 791 788 840 0 0 0 0 0 0 0 0 0
416 49 560 232 1 152 493 256 586 357 452 272 449 250 362 509 480 262 240 161 46 188 222 537 624 209 327 158 441 274 417 484 499 525 234 263 525 220 204 218 466 398 356 337 0 396 175 403 250 355 208 356 232 520 199 464 395 300 364 509 438 452 177 427 261 266 280 540 159 559 368 523 258 293 311 310 345 509 539 518 154 568 270 547 313 455 589 507 567 904 433 182 201 1 120 231 219 298 369 179 389 427 142 266 389 126 282 1 622 412 651 150 197 610 193 271 180 317 0 762 178 420 137 338 599 177 407 267 527 466 283 510 314 333 128 157 367 548 1 238 198 885 709 213 626 30 438 519 0 0 476 214 191 1 344 531 448 461 792 0 797 0 806 0 795 790 718 790 806 860 882 0 823 790 792 844 838 797 0 772 870 837 816 858 784 923 827 876 0 792 815 825 868 823 797 917 862 0 801 0 934 954 949 940 930 857 954 943 0
605 419 501 377 305 324 668 504 215 577 753 380 447 589 272 674 1 540 200 441 417 405 467 292 735 328 563 324 199 523 1 335 125 224 428 455 438 482 494 454 311 243 1 1 396 0 438 199 474 720 531 144 443 387 432 423 42 466 488 150 156 183 386 356 287 194 223 283 497 644 432 423 477 488 459 207 620 392 166 663 256 796 502 844 457 226 220 420 190 859 283 537 517 349 335 434 531 151 565 282 666 388 447 580 711 319 516 341 246 461 941 479 468 914 423 174 428 526 0 818 407 692 464 473 740 328 243 502 738 176 586 158 533 368 321 416 1 630 383 243 451 0 746 543 800 375 327 368 0 0 625 446 454 351 567 743 287 150 803 733 780 921 720 840 795 811 815 810 793 942 911 902 793 808 798 830 771 822 787 933 731 884 878 855 801 878 870 947 750 807 797 746 924 910 782 902 864 748 792 808 0 0 0 0 0 0 0 0 0
275 189 699 374 216 149 352 396 622 218 555 413 590 355 477 363 486 395 276 305 162 332 372 474 480 145 464 147 528 413 429 602 491 490 379 408 659 360 341 362 581 503 368 377 175 438 0 495 393 324 331 430 378 645 344 600 428 445 509 556 511 532 321 557 382 274 256 483 305 429 511 654 402 437 169 406 470 636 548 375 189 442 411 449 501 559 588 639 588 760 545 156 329 250 157 376 124 317 226 285 508 314 284 385 305 234 422 232 635 278 741 1 338 518 320 337 326 458 942 617 323 304 273 483 730 139 349 125 395 440 404 515 172 469 242 302 399 403 225 226 1 748 564 332 490 1 559 640 0 0 332 359 334 176 482 399 559 527 937 0 942 0 949 0 939 933 855 934 951 0 0 0 0 933 936 0 0 940 0 898 0 0 955 0 928 0 0 0 0 936 0 0 0 958 942 0 0 0 946 0 0 0 0 0 0 0 0 0 0
712 362 334 278 341 377 785 403 264 669 637 262 281 517 1 795 272 444 262 373 418 325 372 460 877 412 444 380 1 417 245 171 258 387 327 343 271 392 414 360 147 1 249 192 403 199 495 0 371 725 460 1 344 225 347 255 193 341 343 192 1 1 313 188 192 288 302 450 434 791 282 257 370 368 565 124 508 227 290 790 336 900 394 911 312 1 341 252 281 0 1 554 445 303 369 334 576 253 666 254 549 539 390 494 730 308 405 324 334 599 803 504 387 0 340 191 351 403 0 0 312 769 412 335 603 396 402 581 846 345 493 305 622 225 305 333 201 774 353 333 523 0 908 473 926 379 158 207 0 0 748 355 374 363 442 851 120 122 637 653 617 775 567 751 631 645 657 644 630 774 747 769 632 642 633 672 616 656 711 766 599 717 710 693 635 724 703 780 645 642 634 592 731 742 628 786 701 719 628 689 832 852 861 822 847 873 817 938 0
626 234 375 128 203 341 698 1 604 564 309 139 269 189 288 716 563 1 365 1 262 1 51 692 799 397 124 356 403 1 507 370 566 651 1 1 362 1 1 1 364 337 463 414 250 474 393 371 0 452 143 372 1 382 1 295 463 1 153 527 430 428 131 296 220 406 443 690 139 792 186 367 39 1 530 304 176 367 605 729 326 747 58 689 159 384 660 349 602 0 346 350 130 207 315 1 413 415 581 244 222 634 140 156 538 245 1 228 668 630 501 318 1 736 1 339 1 1 0 0 1 599 155 131 391 380 574 480 718 592 153 603 526 194 236 127 445 732 198 405 437 0 922 155 819 331 324 392 0 0 689 1 1 276 135 720 359 455 573 852 579 772 599 905 576 570 502 571 588 645 663 812 606 565 573 646 626 577 900 570 699 618 577 638 564 689 608 660 797 573 597 615 651 608 579 720 642 0 583 795 720 740 737 723 718 665 736 750 0
346 349 791 507 416 427 379 430 904 305 406 540 691 305 671 396 777 397 550 400 333 451 437 753 498 439 454 427 763 432 718 780 803 780 475 482 785 414 385 439 768 713 656 653 355 720 324 725 452 0 339 680 462 798 440 720 709 512 566 830 762 776 456 711 570 560 549 764 349 496 608 790 459 487 388 632 412 787 839 420 455 356 448 270 580 789 881 771 877 783 740 204 352 437 415 468 233 600 334 503 419 560 378 348 149 451 449 433 926 484 525 272 406 313 443 594 428 479 834 621 442 239 355 548 605 428 637 305 353 733 364 808 310 606 453 419 679 493 403 516 329 656 583 328 442 375 732 809 0 30 402 443 414 404 473 353 755 785 876 0 902 0 0 0 886 865 751 867 903 848 905 0 927 868 879 952 0 865 0 733 0 867 844 921 866 0 866 865 0 872 913 0 875 825 892 951 919 0 898 0 900 908 894 917 880 756 942 820 0
540 188 485 183 226 328 607 122 685 479 277 240 382 1 386 625 616 1 389 120 213 165 130 708 744 386 170 334 498 129 555 479 626 684 172 173 475 1 1 135 471 434 501 463 208 531 331 460 143 339 0 444 157 495 144 411 502 203 260 606 514 492 180 407 299 424 448 710 1 716 279 480 150 179 470 380 170 480 667 641 321 641 141 577 271 515 720 462 683 0 449 256 46 193 294 164 325 445 499 280 211 603 1 1 429 255 144 232 741 578 478 276 1 623 150 387 140 180 0 865 160 496 1 240 429 354 579 404 618 624 1 656 446 303 249 146 495 689 189 406 370 959 833 43 674 292 432 504 0 0 605 140 1 256 189 620 464 542 648 0 660 846 694 0 654 643 555 643 668 693 724 895 688 643 649 725 694 648 0 600 800 672 647 710 639 780 671 709 903 647 665 703 705 657 657 780 712 0 662 893 766 784 734 774 759 679 791 765 0
